0	0	0.1778493676331615	5.712093070270708E-4	0.001549013639899384	4.6707612784690485E-4	0.5059334402825765	5.159566115901398E-4	3.00932226355706E-4	0.1744963559901774	7.831437757713821E-4	4.221614938897251E-4	0.0011558621727933464	8.300524978443329E-4	5.402712166350703E-4	3.164870696620649E-4	5.813270159735364E-4	0.12464612726113412	2.889344281702481E-4	0.008752281249491609
1	1	0.18923205024949133	5.808012526123937E-4	0.03515972163958682	4.7491943282705027E-4	0.4892407284662636	5.246207346740545E-4	3.0598558508877234E-4	0.0011069033395013624	7.962945987539064E-4	4.292505766966636E-4	0.0011752718128835444	8.439910284220689E-4	5.493436390335279E-4	0.008717975736555729	5.910888616505924E-4	0.26947418823219643	2.9378631569841135E-4	5.030784980637809E-4
2	2	0.15435139265998138	0.017228496012143924	0.13478215645739827	4.7096512761780364E-4	0.16876909771716297	0.008846517935671358	3.0343786791942344E-4	0.0344027482983317	0.009115929771074994	4.256765225009873E-4	0.0011654861879317464	8.369637351812336E-4	5.447696581362503E-4	3.1912222497835547E-4	5.861672989534437E-4	0.46706084261912745	2.913401728828684E-4	4.988897330058599E-4
3	3	0.45405172441920094	6.340360208134773E-4	0.0017193880287756952	5.184493422530731E-4	0.13079046277912193	5.72706139239278E-4	3.3403144694221516E-4	0.0012083592892506397	0.010035027047001216	4.685945947197762E-4	0.010448740350381588	9.213491032536112E-4	5.996950822426322E-4	3.512971511823486E-4	6.452665659766044E-4	0.3858309692202368	3.2071402349261724E-4	5.491893959155243E-4
4	4	0.1458506539538792	5.442446686586359E-4	0.0014758905445404345	4.4502722436619914E-4	0.529256460318883	4.916002447134498E-4	2.8672635023067807E-4	0.25280379716099505	0.008613879639154302	4.022328409847836E-4	0.0011012982763201943	0.055864804752420345	5.147670489014227E-4	3.0154690801424564E-4	5.538847587016588E-4	7.464764745343719E-4	2.752949228751566E-4	4.714139118269595E-4
5	5	0.48084674733622246	6.581663639667864E-4	0.0017848250414785659	5.38180651083324E-4	0.4116909175845515	0.01010908133797874	3.467441212605773E-4	0.0678564001819056	9.023643085322541E-4	4.864285158207674E-4	0.0013318228434924513	9.564140984521151E-4	6.225184671085272E-4	3.6466692912640595E-4	6.698243247651281E-4	0.019931887415734106	3.329198591027551E-4	5.700906194179325E-4
6	6	0.2693201346838445	0.009130294441972126	0.01868107250238271	4.830306517277537E-4	0.40366123329125714	5.335808094249624E-4	3.1121155793713685E-4	0.19753600108785635	8.09894631419432E-4	0.008976155409754391	0.0011953444531740852	8.584056754307421E-4	5.587259599071667E-4	3.27297728160455E-4	6.011841553261441E-4	0.08620595837521114	2.9880393542914315E-4	5.116706497846359E-4
7	7	0.44394134289509957	5.529454928389816E-4	0.04146691511193689	4.521418620607143E-4	0.002154112507052902	4.994594439717701E-4	2.9131023631150647E-4	0.11296261797320668	7.581035808248225E-4	0.04037609287293152	0.0011189047008277537	0.08873185744913945	0.04848391207142943	3.06367729934698E-4	0.12046502833928988	0.09668024128534412	2.796960550490043E-4	4.789503927502997E-4
8	8	0.7565213459522233	6.340360208134773E-4	0.0017193880287756952	5.184493422530731E-4	0.16745344720736707	5.72706139239278E-4	3.3403144694221516E-4	0.0012083592892506397	8.692809399399319E-4	4.685945947197762E-4	0.0012829942433203066	0.010087095210314895	0.05559417172461032	3.512971511823486E-4	6.452665659766044E-4	8.696327236629444E-4	3.2071402349261724E-4	5.491893959155243E-4
9	9	0.5522712320282872	5.574010704414233E-4	0.001511568264708549	4.5578517443022233E-4	0.20361888492888036	5.034840365233123E-4	2.9365758407196555E-4	0.10581496247538358	7.642123010853158E-4	4.1195629290075833E-4	0.009185817311443497	8.099870662630527E-4	0.1133377631592075	3.0883640942171105E-4	0.00862517078927047	7.645215652553852E-4	2.819498169378466E-4	4.828097254878943E-4
10	10	0.5633940655700793	5.857190517479627E-4	0.0015883613749723606	4.7894070235034533E-4	0.3155706584350473	5.290628383779931E-4	3.0857644665988255E-4	0.0011162757853452267	8.030370375344641E-4	0.008900151907495619	0.0011852231528289398	8.511373255957287E-4	0.10216119609811669	3.2452641098890724E-4	5.960937687161246E-4	8.033620134378817E-4	2.96273882801418E-4	5.073381979039127E-4
11	11	0.5489461739337772	6.170683454579612E-4	0.0016733748419460318	5.045749252817085E-4	0.2343358279553764	5.57379735808357E-4	3.250923063189789E-4	0.010096480077418073	8.46017787220762E-4	4.560543593142962E-4	0.0012486595539824286	0.009817150678473925	5.836464176025108E-4	3.41895956583133E-4	6.279983457969173E-4	0.18817598117135842	3.1213127542476735E-4	5.344923328580801E-4
12	12	0.6024689227951003	6.170683454579612E-4	0.019514291129053705	5.045749252817085E-4	0.002403916222976628	5.57379735808357E-4	0.07168875745474967	0.0011760219338642355	0.03652785036143611	4.560543593142962E-4	0.0012486595539824286	8.96692534920087E-4	5.836464176025108E-4	3.41895956583133E-4	6.279983457969173E-4	0.25953964631978915	3.1213127542476735E-4	5.344923328580801E-4
13	13	0.5295249985634283	0.03445478605839901	0.0015883613749723606	4.7894070235034533E-4	0.0022817886235250713	5.290628383779931E-4	3.0857644665988255E-4	0.0011162757853452267	0.017737570540859986	0.07663828592079772	0.0011852231528289398	0.07705653809056058	5.539950781635539E-4	3.2452641098890724E-4	5.960937687161246E-4	0.2548213645633207	2.96273882801418E-4	5.073381979039127E-4
14	14	0.646532392667488	0.028131274341997328	0.0017193880287756952	5.184493422530731E-4	0.06663024002969295	5.72706139239278E-4	3.3403144694221516E-4	0.0012083592892506397	8.692809399399319E-4	0.009634340701781059	0.010448740350381588	0.046750079638560024	5.996950822426322E-4	3.512971511823486E-4	6.452665659766044E-4	0.1841845548648886	3.2071402349261724E-4	5.491893959155243E-4
15	15	0.670896836952656	6.226224227190647E-4	0.0016884364687939583	5.091164775095258E-4	0.1734397832776549	5.623965708789611E-4	3.280183805530184E-4	0.127197092281295	8.536325809289122E-4	4.6015919010903547E-4	0.0012598984251491006	9.047634393102721E-4	0.018590397568088342	3.4497327625460686E-4	6.336508012470711E-4	8.539780320179751E-4	3.149406906736233E-4	5.393031641606614E-4
16	16	0.48220150855507626	6.116124819129813E-4	0.0016585795524704649	5.001136821133974E-4	0.17037281736440105	5.524516143065964E-4	3.222179743655503E-4	0.11610625679610971	8.38537647236792E-4	4.5202211495785395E-4	0.0012376194217332082	0.03625511289209171	5.784860569449043E-4	3.3887305369169796E-4	0.04483038152164274	0.14230427115906585	3.0937153955535695E-4	5.297665723238115E-4
17	17	0.45484882593819176	5.665311696033118E-4	0.0015363273993399614	4.6325082898264545E-4	0.27247317906899327	5.117309872804131E-4	2.984676266147515E-4	0.025649356274011548	0.0744856774034849	4.187040406249765E-4	0.009336278850510965	0.009013137518697562	5.358464585535278E-4	0.008503778131312551	0.13161469487552135	7.770442496783914E-4	2.865680889933348E-4	0.008680601089604839
18	18	0.5329223451049773	5.712093070270708E-4	0.009806524743895097	0.07478467606380834	0.08480037397879503	5.159566115901398E-4	3.00932226355706E-4	0.050633689430241685	7.831437757713821E-4	4.221614938897251E-4	0.0011558621727933464	0.025602585809831477	5.402712166350703E-4	3.164870696620649E-4	0.08315643805593068	0.13290363836512983	2.889344281702481E-4	4.947701454958946E-4
19	19	0.4240597599240235	6.170683454579612E-4	0.0016733748419460318	5.045749252817085E-4	0.1629721628069457	5.57379735808357E-4	3.250923063189789E-4	0.07253968708229494	0.027607392217882276	4.560543593142962E-4	0.0012486595539824286	8.96692534920087E-4	5.836464176025108E-4	3.41895956583133E-4	0.2860826589395197	0.01868727644383552	3.1213127542476735E-4	5.344923328580801E-4
20	20	0.6823337727937725	6.009851566534874E-4	0.0016297602185063858	4.914237502959195E-4	0.06315695627312741	5.428522631340936E-4	0.009004575629853108	0.044585152686540695	8.239672900530352E-4	4.441678180260511E-4	0.0012161146543663171	0.009561277744712132	5.684343335627933E-4	3.3298482500153853E-4	0.026675499739796715	0.15720751750152387	3.0399592660743005E-4	5.205613944666118E-4
21	21	0.5372258446643817	0.08467802555045037	0.05777292866311841	5.281307673019066E-4	0.07721138605913895	5.834007454624359E-4	3.4026908706240625E-4	0.010567829480147421	8.855137279493337E-4	0.019151156077366022	0.001306952635380002	9.385542023057102E-4	0.06596923229994978	0.05637929031499717	6.573161518973272E-4	0.06624421070587741	0.01900051401229591	5.594448549176786E-4
22	22	0.7820206408104963	0.009890435347155087	0.038737429904364316	5.232452756009508E-4	0.002492866259477204	5.78003976940789E-4	3.3712141625082316E-4	0.02897113972155445	8.773222529646811E-4	4.729293450228343E-4	0.001294862625388137	0.010180406229077362	0.09311058412684227	0.028106149300905454	6.512356263839123E-4	8.776772908750383E-4	3.236807995207551E-4	5.542696911797168E-4
23	23	0.4026272243347821	6.116124819129813E-4	0.04586651523041166	5.001136821133974E-4	0.055432184601753955	5.524516143065964E-4	3.222179743655503E-4	0.33714593518581565	8.38537647236792E-4	4.5202211495785395E-4	0.010079206557321446	0.01857193862091524	5.784860569449043E-4	3.3887305369169796E-4	6.224458437015485E-4	0.09809633548112467	0.026834132946320075	5.297665723238115E-4
24	24	0.6057303993283931	0.04292205281006177	0.0015883613749723606	4.7894070235034533E-4	0.044618122381838876	5.290628383779931E-4	3.0857644665988255E-4	0.0011162757853452267	0.034672104044185505	4.3288515583285935E-4	0.0011852231528289398	8.511373255957287E-4	0.15296479660809326	3.2452641098890724E-4	5.960937687161246E-4	0.11087782978505378	2.96273882801418E-4	5.073381979039127E-4
25	25	0.3811398784545404	5.665311696033118E-4	0.0015363273993399614	4.6325082898264545E-4	0.3216124773914275	5.117309872804131E-4	2.984676266147515E-4	0.0010797071127944342	7.767299198335508E-4	4.187040406249765E-4	0.001146395796771928	8.232544649585239E-4	0.13976385837211716	3.1389507757351203E-4	5.765660156967341E-4	0.14819493921698107	2.865680889933348E-4	4.907180358658018E-4
26	26	0.4913490482649494	5.90720842698861E-4	0.0016019253038361799	4.830306517277537E-4	0.002301274125413648	5.335808094249624E-4	3.1121155793713685E-4	0.2316942954849494	8.09894631419432E-4	4.3658181048112694E-4	0.0011953444531740852	0.16311030406162277	0.02617744675772696	3.27297728160455E-4	6.011841553261441E-4	0.07766638477593787	2.9880393542914315E-4	5.116706497846359E-4
27	27	0.2542665766491785	5.759653472777334E-4	0.0015619111384687443	4.7096512761780364E-4	0.21872668971176154	0.008846517935671358	3.0343786791942344E-4	0.15929672828482813	7.89664438641898E-4	0.19192977916846216	0.0011654861879317464	0.00916322906761433	5.447696581362503E-4	3.1912222497835547E-4	5.861672989534437E-4	0.10903143332450435	0.04192266683504834	4.988897330058599E-4
28	28	0.3552780666729884	6.06252249820051E-4	0.0016440435977462852	4.957306364950458E-4	0.40551031523872055	5.476098738902869E-4	3.1939402426938633E-4	0.1150886901141448	8.31188620621458E-4	4.480605485756033E-4	0.0012267728030990381	8.809751313506366E-4	5.734161481064676E-4	3.3590313683822535E-4	6.169906669577965E-4	0.11476480671364353	3.0666017688045353E-4	5.251236458520528E-4
29	29	0.5071504269103501	0.01569963617205134	0.032122298295538	8.305762251448898E-4	0.1654798057616968	9.174977466062037E-4	5.3513150788322E-4	0.016619724623197576	0.04544427886823949	7.507069599399114E-4	0.002055407208867546	0.14831489292367697	9.607350941606622E-4	5.627918447445174E-4	0.0010337424023954909	0.06012872798404127	5.137964720447063E-4	8.798229994213375E-4
30	30	0.03216038426216279	4.902452028952995E-4	0.008416532527788075	4.0087202404950445E-4	0.26413175567808583	4.4282411127133766E-4	2.582776200467187E-4	9.343197002735773E-4	0.03610753231514592	0.5956769188015711	0.022253263994144554	7.123995533920106E-4	4.6369232601666595E-4	2.716276954375055E-4	4.989288118881419E-4	0.03610780431906526	2.479804086158694E-4	4.2464064814979685E-4
31	31	0.11085484886037027	0.12439383238014831	0.0016585795524704649	5.001136821133974E-4	0.2676302758558717	0.009394038749894836	3.222179743655503E-4	0.01000721116905085	0.07157123473194271	0.2833828104537815	0.0012376194217332082	0.009730351485326999	5.784860569449043E-4	3.3887305369169796E-4	6.224458437015485E-4	8.388769896540449E-4	0.10640841716661423	5.297665723238115E-4
32	32	0.14363326989610833	5.665311696033118E-4	0.0015363273993399614	4.6325082898264545E-4	0.1987642315853419	5.117309872804131E-4	2.984676266147515E-4	0.0010797071127944342	7.767299198335508E-4	0.5327611025336624	0.001146395796771928	8.232544649585239E-4	5.358464585535278E-4	3.1389507757351203E-4	0.008766449069435772	7.770442496783914E-4	0.06580563251890564	0.04144013330456099
33	33	0.10353176769720007	5.712093070270708E-4	0.0758666135758608	0.03349712054382976	0.08480037397879503	5.159566115901398E-4	3.00932226355706E-4	0.04237617832624597	7.831437757713821E-4	0.27292002792574827	0.0011558621727933464	0.1659802745777586	0.20697804881652793	3.164870696620649E-4	5.813270159735364E-4	0.00904097180519412	2.889344281702481E-4	4.947701454958946E-4
34	34	0.04192136267372775	5.236452370707433E-4	0.0922590183359652	4.281831312753559E-4	0.08530904117983946	4.729933824091768E-4	2.758738785829905E-4	9.97974193444809E-4	7.179321188911361E-4	0.7270989255149085	0.0010596146001955668	0.046180429608723976	4.952833328115969E-4	2.901334844937369E-4	5.329204537640065E-4	7.182226542313809E-4	2.6487512594037415E-4	4.5357109372422277E-4
35	35	0.004441634449251504	5.712093070270708E-4	0.001549013639899384	4.6707612784690485E-4	0.026997796250825025	5.159566115901398E-4	0.07461853216231713	0.0010886228062673975	7.831437757713821E-4	0.6197354942935682	0.0011558621727933464	0.2072678300977372	0.058342848944605064	3.164870696620649E-4	5.813270159735364E-4	7.834607011984068E-4	2.889344281702481E-4	4.947701454958946E-4
36	36	0.020956656657242934	5.712093070270708E-4	0.15844172461581796	4.6707612784690485E-4	0.10131539618678645	5.159566115901398E-4	3.00932226355706E-4	0.0010886228062673975	0.050328210399745665	0.42155522779767113	0.0011558621727933464	8.300524978443329E-4	0.24000809323251077	3.164870696620649E-4	5.813270159735364E-4	7.834607011984068E-4	2.889344281702481E-4	4.947701454958946E-4
37	37	0.02897490714376179	5.665311696033118E-4	0.0015363273993399614	4.6325082898264545E-4	0.10048563494047344	5.117309872804131E-4	2.984676266147515E-4	0.017459473220272508	7.767299198335508E-4	0.6474194652860089	0.001146395796771928	8.232544649585239E-4	0.10700432615716102	0.008503778131312551	5.765660156967341E-4	7.770442496783914E-4	2.865680889933348E-4	0.08238954857325617
38	38	0.09864442317872656	5.442446686586359E-4	0.0801529418364615	0.008312732353558306	0.11226808847170121	4.916002447134498E-4	2.8672635023067807E-4	0.0010372330268476444	7.461745099621938E-4	0.6927602842098902	0.0011012982763201943	7.908688480756014E-4	5.147670489014227E-4	3.0154690801424564E-4	5.538847587016588E-4	7.464764745343719E-4	2.752949228751566E-4	4.714139118269595E-4
39	39	0.004041192177866177	0.015545796471238035	0.13664412860118136	4.2496617312598066E-4	0.10720723881541387	4.6943976292956386E-4	2.7380122635294133E-4	9.904763707143664E-4	7.12538264225059E-4	0.5864014316104847	0.0010516536704570619	0.008268260561110819	0.07562198926395225	2.8795369923557236E-4	5.289165996383231E-4	0.06081716822953645	2.6288510780859324E-4	4.5016339472886267E-4
40	40	0.16060843091172577	5.158355733545277E-4	0.031226921583527665	4.217971928050228E-4	0.00200954320911585	0.015379974759009533	2.7175948573207224E-4	0.11283835749641989	0.00816424266207563	0.6491417859674925	0.0010438114703082196	7.495861864862741E-4	4.8789665954566107E-4	2.858064233723849E-4	5.249724591356744E-4	0.015621546672737512	2.609247688781077E-4	4.468065182776905E-4
41	41	0.04099047924401252	5.120174501108517E-4	0.0902103637614667	4.1867512494240324E-4	0.03900378036621126	4.624903435295366E-4	2.6974797031366994E-4	9.758137105618564E-4	7.019901010150107E-4	0.8145788664467216	0.0010360853633030707	7.440378827445417E-4	4.8428533517691144E-4	2.836909350178817E-4	5.210867062871829E-4	0.008104096472644158	2.589934501083967E-4	4.434993358323855E-4
42	42	0.03461346790915767	0.008155295942968453	0.192122273197278	0.05382504480436573	0.0020555275251988962	0.008104257733357432	2.779781497716317E-4	0.02388855595748129	7.234082584986352E-4	0.5800918559768969	0.0010676969764093203	0.09229861718306667	4.990611839543106E-4	2.9234652305837425E-4	5.369853879377428E-4	7.237010099426624E-4	2.668955024217102E-4	4.570307782345025E-4
43	43	0.1829794843368539	5.158355733545277E-4	0.06105499281703185	0.015335832809557118	0.00200954320911585	4.6593914225743826E-4	2.7175948573207224E-4	9.830903707791737E-4	0.03053529608720377	0.6715128393926206	0.0010438114703082196	0.01566362180323837	4.8789665954566107E-4	2.858064233723849E-4	5.249724591356744E-4	0.015621546672737512	2.609247688781077E-4	4.468065182776905E-4
44	44	0.1327603523009302	5.236452370707433E-4	0.08468910253369834	4.281831312753559E-4	0.07016920957530573	4.729933824091768E-4	2.758738785829905E-4	9.97974193444809E-4	7.179321188911361E-4	0.6438298516899729	0.0010596146001955668	0.046180429608723976	0.008065199135078468	2.901334844937369E-4	5.329204537640065E-4	7.182226542313809E-4	2.6487512594037415E-4	0.008023486895991092
45	45	0.004198925719004759	5.399961382718108E-4	0.15759012052878824	4.4155321388054E-4	0.0021036656420496485	4.877626718383984E-4	2.844880818896012E-4	0.0010291360875728111	0.00854663721767942	0.7341901235839194	0.0010927012252853424	0.08665385826406034	5.107486292910218E-4	2.991929461373031E-4	5.495609749998487E-4	7.406492645169991E-4	2.731458915432441E-4	4.6773391927121223E-4
46	46	0.10735677979496505	5.485605815598468E-4	0.13629923997022497	4.4855633333067656E-4	0.0021370301863702515	4.954986822371954E-4	2.890001179409391E-4	0.0010454583851468209	7.520917460502162E-4	0.7458345210720096	0.0011100316782487174	7.971405145909354E-4	5.188492014247494E-4	3.039382041822478E-4	5.582771184499984E-4	7.523961052306794E-4	2.7747803826001305E-4	4.751522697770315E-4
47	47	0.0038668799717671573	4.97293925078008E-4	0.26015171171583856	4.066357429225446E-4	0.009126286608666063	4.491910152567768E-4	2.6199112336907406E-4	9.477533044336295E-4	0.007870779931500588	0.712076176039761	0.0010062917912686546	7.226424002476042E-4	4.703592722000097E-4	2.7553314550812514E-4	5.061023865874532E-4	6.820796553037602E-4	2.5154585912260513E-4	4.307461111683355E-4
48	48	0.06807825275238712	0.04331972658789148	0.0727155801758765	4.0373331374254576E-4	0.10898843799647571	4.459848408543389E-4	2.601211188389708E-4	0.10800594400910185	6.769372547180684E-4	0.5571026781401955	9.991092188819282E-4	0.02926813920822776	0.007604665702499976	2.7356648257822135E-4	5.024899979559445E-4	6.772112001099081E-4	2.497504093759153E-4	4.27671590288197E-4
49	49	0.0466652616625826	4.937444082824383E-4	0.10840389865888403	4.0373331374254576E-4	0.02333647363725762	4.459848408543389E-4	2.601211188389708E-4	9.409885600792395E-4	6.769372547180684E-4	0.4143494042081654	9.991092188819282E-4	0.043543466601430776	4.670020058984678E-4	2.7356648257822135E-4	5.024899979559445E-4	0.3575603960301853	2.497504093759153E-4	4.27671590288197E-4
50	50	0.0036318936020664477	4.670738781715885E-4	0.2578467751504988	3.8192490169716985E-4	0.0018195820306290264	4.2189413333956326E-4	2.460701888110318E-4	8.901592984115258E-4	6.403712194733987E-4	0.4257280911637872	9.451404608378367E-4	6.78728155309614E-4	4.417760168012555E-4	2.5878927601439926E-4	4.753470584186553E-4	0.30448555368572033	2.3625967266736485E-4	4.04570107344796E-4
51	51	0.004593353106373307	5.90720842698861E-4	0.2407099860834876	4.830306517277537E-4	0.002301274125413648	5.335808094249624E-4	3.1121155793713685E-4	0.0011258083045712689	8.09894631419432E-4	0.5725880129617898	0.0011953444531740852	8.584056754307421E-4	5.587259599071667E-4	3.27297728160455E-4	6.011841553261441E-4	0.16306212076867052	2.9880393542914315E-4	0.0090512442490579
52	52	0.06123294867007442	5.619290365097962E-4	0.2939645817871671	4.5948767863003147E-4	0.010312463479451356	0.008630927752084608	2.960430685048269E-4	0.0010709362699852477	7.704202679369172E-4	0.6096668330069822	0.0011370832181925618	8.165668777244041E-4	5.31493588222176E-4	3.113451968221949E-4	5.718823659987091E-4	0.008894085781001107	2.8424019503681136E-4	4.8673175967551863E-4
53	53	0.13114707017216706	5.485605815598468E-4	0.326621562987841	4.4855633333067656E-4	0.025927320563572255	4.954986822371954E-4	2.890001179409391E-4	0.0010454583851468209	7.520917460502162E-4	0.500001520507589	0.0011100316782487174	7.971405145909354E-4	5.188492014247494E-4	0.008234034996582916	5.582771184499984E-4	7.523961052306794E-4	2.7747803826001305E-4	4.751522697770315E-4
54	54	0.0661329731970951	5.358134246005957E-4	0.32677752751198735	4.381330215247616E-4	0.025324835376217207	4.839845492719367E-4	2.8228448800238264E-4	0.0010211645831898206	7.346150409114721E-4	0.5735867889581548	0.0010842373566951303	7.786169902990967E-4	5.067924616022548E-4	2.9687545099716246E-4	5.453041738111314E-4	7.34912327556329E-4	2.710301522373102E-4	4.6411093584601976E-4
55	55	0.004134377440634189	5.316950099869161E-4	0.4549326649817333	4.347654063144331E-4	0.002071326895296631	0.015852834227603422	2.801147690158331E-4	0.008699600482036432	7.289685804440551E-4	0.47694261917720304	0.008762188460237623	7.726323183142594E-4	5.02897110377113E-4	2.9459358171264274E-4	0.023599967392763543	7.292635820590743E-4	2.689469372813692E-4	4.6054364698613063E-4
56	56	0.13085190008445471	6.226224227190647E-4	0.08269517699902414	5.091164775095258E-4	0.05643004695621131	0.06356763920550243	3.280183805530184E-4	0.0011866070120480575	8.536325809289122E-4	0.20747738498958615	0.019261396320755807	0.08191150396954044	5.888996724816357E-4	0.036347969067468025	6.336508012470711E-4	0.31588019120513533	3.149406906736233E-4	5.393031641606614E-4
57	57	0.039085420327007375	5.958087957613594E-4	0.1480388652770681	0.034939695147065346	0.1142917335867184	5.38176608179922E-4	3.138920623054217E-4	0.0011355050333761295	8.168703559450896E-4	0.5861329116994771	0.052884396242782045	0.01809205127742265	5.635383370120935E-4	3.301167847400985E-4	6.06362230218918E-4	8.172009299653284E-4	3.013775713811225E-4	5.160777335734323E-4
58	58	0.04099047924401252	5.120174501108517E-4	0.0902103637614667	4.1867512494240324E-4	0.20924569298473203	4.624903435295366E-4	2.6974797031366994E-4	9.758137105618564E-4	7.019901010150107E-4	0.5999260201016302	0.0010360853633030707	7.440378827445417E-4	4.8428533517691144E-4	2.836909350178817E-4	5.210867062871829E-4	7.022741848823851E-4	2.589934501083967E-4	0.0522562553501648
59	59	0.017455818982911278	7.85165129654659E-4	0.07023220676106505	6.420271588154128E-4	0.29817170511762986	7.092166301417626E-4	4.13651331687152E-4	0.01284688178771878	0.3188904114271188	0.2502912326713338	0.0015888093236568943	0.001140962286630306	0.012093136108729695	4.3503249689428046E-4	7.990725925741721E-4	0.012427416206810751	3.971595612415961E-4	6.800944253856981E-4
60	60	0.19930159524858057	0.22073465459497973	0.0015883613749723606	4.7894070235034533E-4	0.22243072416675685	0.017463596341703514	3.0857644665988255E-4	0.0011162757853452267	0.017737570540859986	4.3288515583285935E-4	0.0011852231528289398	0.1363274053521999	0.17836659686308154	3.2452641098890724E-4	5.960937687161246E-4	8.033620134378817E-4	2.96273882801418E-4	5.073381979039127E-4
61	61	0.1993299621928162	0.2848793098186252	0.0015238472684198433	4.5948767863003147E-4	0.19714959942198435	5.075740154527384E-4	2.960430685048269E-4	0.0010709362699852477	0.008893774004568786	4.1530275959202273E-4	0.0011370832181925618	0.09829681171730682	0.20361533700401888	3.113451968221949E-4	5.718823659987091E-4	7.707320443692382E-4	2.8424019503681136E-4	4.8673175967551863E-4
62	62	0.31314011223559673	0.3461113800506995	0.0017514955559221525	5.281307673019066E-4	0.0025161419162106186	5.834007454624359E-4	3.4026908706240625E-4	0.0012309239622813777	0.010222419245815377	4.7734504163393876E-4	0.001306952635380002	0.15032904248816237	0.13132757092501207	3.578572078009187E-4	0.03800493822336149	8.858720808151152E-4	3.2670297656382775E-4	5.594448549176786E-4
63	63	0.3009087962685337	0.2546037216016308	0.0015883613749723606	4.7894070235034533E-4	0.3155706584350473	5.290628383779931E-4	3.0857644665988255E-4	0.0011162757853452267	8.030370375344641E-4	4.3288515583285935E-4	0.01811975665615446	8.511373255957287E-4	0.06829212909146565	0.03419359341763995	5.960937687161246E-4	8.033620134378817E-4	2.96273882801418E-4	5.073381979039127E-4
64	64	0.07108873933565041	0.1920800679932389	0.0015619111384687443	4.7096512761780364E-4	0.6350399563334164	0.06713037526270302	3.0343786791942344E-4	0.026076482965898602	7.89664438641898E-4	4.256765225009873E-4	0.0011654861879317464	8.369637351812336E-4	5.447696581362503E-4	3.1912222497835547E-4	5.861672989534437E-4	7.899840028741188E-4	2.913401728828684E-4	4.988897330058599E-4
65	65	0.023919374117935082	0.20799987243940382	0.0017680032350834078	5.331083495928405E-4	0.6528582989023738	5.888992420449526E-4	3.434760908705102E-4	0.0012425253036450696	0.1045678142261148	4.8184397328687143E-4	0.0013192705397622663	9.473999864669801E-4	6.166512897170473E-4	3.612299779754968E-4	6.635112941609449E-4	8.942213409879794E-4	3.2978212106973733E-4	5.64717569508458E-4
66	66	0.10353176769720007	0.2648115646348899	0.034579058055882246	4.6707612784690485E-4	0.25820810716270504	5.159566115901398E-4	3.00932226355706E-4	0.0010886228062673975	0.21547843247965995	4.221614938897251E-4	0.0011558621727933464	8.300524978443329E-4	0.11614542667257508	3.164870696620649E-4	5.813270159735364E-4	7.834607011984068E-4	2.889344281702481E-4	4.947701454958946E-4
67	67	0.1200467899051915	0.5042793866507657	0.001549013639899384	4.6707612784690485E-4	0.03525530735482074	5.159566115901398E-4	3.00932226355706E-4	0.0010886228062673975	0.15767585475168994	4.221614938897251E-4	0.0011558621727933464	0.12469271905778004	0.050085337840609354	3.164870696620649E-4	5.813270159735364E-4	7.834607011984068E-4	2.889344281702481E-4	4.947701454958946E-4
68	68	0.424324925212323	0.38680481012012163	0.04355589574540224	4.7491943282705027E-4	0.010658804434784704	5.246207346740545E-4	3.0598558508877234E-4	0.0011069033395013624	0.017588642810384744	4.292505766966636E-4	0.0011752718128835444	8.439910284220689E-4	0.10969960701463397	3.2180163074030897E-4	5.910888616505924E-4	7.966168461030589E-4	2.9378631569841135E-4	5.030784980637809E-4
69	69	0.4062188436369158	0.4823218080973652	0.028434749272607543	0.009425033068835546	0.002403916222976628	5.57379735808357E-4	3.250923063189789E-4	0.0011760219338642355	0.06328922479209761	4.560543593142962E-4	0.0012486595539824286	8.96692534920087E-4	5.836464176025108E-4	3.41895956583133E-4	6.279983457969173E-4	8.463601567278443E-4	3.1213127542476735E-4	5.344923328580801E-4
70	70	0.36726087579242916	0.5399484277527955	0.010500166688058702	5.001136821133974E-4	0.002382661788224526	5.524516143065964E-4	3.222179743655503E-4	0.018848798304639088	0.009680124782825032	0.009293609250546092	0.0012376194217332082	8.887643497387595E-4	0.035944834599297856	3.3887305369169796E-4	6.224458437015485E-4	8.388769896540449E-4	3.0937153955535695E-4	5.297665723238115E-4
71	71	0.2547401940053695	0.4261644722985709	0.01098582744093659	5.232452756009508E-4	0.2337562201213749	5.78003976940789E-4	3.3712141625082316E-4	0.001219537258126731	0.037879458870868306	4.729293450228343E-4	0.001294862625388137	9.298720746014545E-4	0.028356845045510913	3.5454683747773095E-4	6.512356263839123E-4	8.776772908750383E-4	3.236807995207551E-4	5.542696911797168E-4
72	72	0.07738260128981596	0.49676893182426024	0.1555150792150122	3.7936339852528603E-4	0.001807378413838795	0.04736683393787311	2.4441983931471826E-4	8.841891564903506E-4	6.360763622840006E-4	3.428833320743202E-4	0.027766098355249198	0.08786289059719472	4.388131027224142E-4	2.5705362183627494E-4	0.0071789831855963585	6.363337719435981E-4	2.3467512057810216E-4	0.09429739547539037
73	73	0.012595141036283713	0.5083392805014236	0.25542270206525014	4.6325082898264545E-4	0.002207038295604981	5.117309872804131E-4	2.984676266147515E-4	0.0010797071127944342	0.08267556045722393	4.187040406249765E-4	0.10761487549537942	8.232544649585239E-4	0.025105495619770643	3.1389507757351203E-4	5.765660156967341E-4	7.770442496783914E-4	2.865680889933348E-4	4.907180358658018E-4
74	74	0.14885339798006145	0.5046645634997069	0.19070416437266438	5.091164775095258E-4	0.11943528959083478	5.623965708789611E-4	3.280183805530184E-4	0.0011866070120480575	8.536325809289122E-4	4.6015919010903547E-4	0.0012598984251491006	9.047634393102721E-4	5.888996724816357E-4	3.4497327625460686E-4	6.336508012470711E-4	0.027856224875428038	3.149406906736233E-4	5.393031641606614E-4
75	75	0.21185864061468493	0.33365033349144313	0.3167146496419113	5.091164775095258E-4	0.05643004695621131	5.623965708789611E-4	3.280183805530184E-4	0.0011866070120480575	8.536325809289122E-4	4.6015919010903547E-4	0.0012598984251491006	9.047634393102721E-4	5.888996724816357E-4	3.4497327625460686E-4	6.336508012470711E-4	8.539780320179751E-4	3.149406906736233E-4	0.07254529474658748
76	76	0.028507953532693416	0.3792785409057169	0.3399432251387845	4.5578517443022233E-4	0.08275043604528182	5.034840365233123E-4	2.9365758407196555E-4	0.0010623067762648274	7.642123010853158E-4	4.1195629290075833E-4	0.03335950708816321	8.099870662630527E-4	5.272108678488432E-4	3.0883640942171105E-4	5.67274197030566E-4	0.024938211341975096	2.819498169378466E-4	0.10523546542460664
77	77	0.012804882008618743	0.41688923196893246	0.30130746310606016	4.7096512761780364E-4	0.20207415904689535	5.202526032382624E-4	3.0343786791942344E-4	0.0010976869685993178	7.89664438641898E-4	4.256765225009873E-4	0.05112307818253032	8.369637351812336E-4	5.447696581362503E-4	0.008645387557411451	5.861672989534437E-4	7.899840028741188E-4	2.913401728828684E-4	4.988897330058599E-4
78	78	0.1200467899051915	0.3226141423628599	0.2492743467597708	4.6707612784690485E-4	0.20040552943473502	5.159566115901398E-4	3.00932226355706E-4	0.0010886228062673975	7.831437757713821E-4	4.221614938897251E-4	0.00941337327678906	8.300524978443329E-4	0.058342848944605064	0.033346531485644926	5.813270159735364E-4	7.834607011984068E-4	2.889344281702481E-4	4.947701454958946E-4
79	79	0.332063003260522	0.25814748563517825	0.04830209468161581	4.4155321388054E-4	0.15822941685229597	4.877626718383984E-4	2.844880818896012E-4	0.0010291360875728111	7.403496571671045E-4	0.016011668016786405	0.0010927012252853424	7.846950984248722E-4	0.1410239247185127	2.991929461373031E-4	0.039580998777561424	7.406492645169991E-4	2.731458915432441E-4	4.6773391927121223E-4
80	80	0.31470545305869824	0.21592395936739484	0.053294479025549374	4.871910556039916E-4	0.1573573637010451	5.38176608179922E-4	3.138920623054217E-4	0.0011355050333761295	8.168703559450896E-4	4.4034214463409163E-4	0.027045018174186024	8.657992316919699E-4	5.635383370120935E-4	3.301167847400985E-4	0.017832614275949597	0.20753222547873346	3.013775713811225E-4	5.160777335734323E-4
81	81	0.18550856271571817	0.2762158415274522	0.2169438734599908	4.871910556039916E-4	0.07983922949525704	5.38176608179922E-4	0.0175401441080361	0.0011355050333761295	8.168703559450896E-4	4.4034214463409163E-4	0.018431892151320683	8.657992316919699E-4	5.635383370120935E-4	3.301167847400985E-4	6.06362230218918E-4	0.19891909945586814	3.013775713811225E-4	5.160777335734323E-4
82	82	0.04317611482701832	0.4002704830028054	0.33479508890717735	5.38180651083324E-4	0.002564021978121524	5.94502370387344E-4	3.467441212605773E-4	0.0012543474087658311	9.023643085322541E-4	4.864285158207674E-4	0.058419296649040824	9.564140984521151E-4	6.225184671085272E-4	3.6466692912640595E-4	6.698243247651281E-4	0.15313599296201363	3.329198591027551E-4	5.700906194179325E-4
83	83	0.3647601123470623	0.3035922041579477	0.2062834037428159	4.6325082898264545E-4	0.010396921349344019	5.117309872804131E-4	2.984676266147515E-4	0.0010797071127944342	7.767299198335508E-4	4.187040406249765E-4	0.001146395796771928	8.232544649585239E-4	5.358464585535278E-4	3.1389507757351203E-4	5.765660156967341E-4	0.10724552394828589	2.865680889933348E-4	4.907180358658018E-4
84	84	0.013361123297176987	0.13092033246118506	0.38389984564513235	4.914237502959195E-4	0.18478834709069022	5.428522631340936E-4	3.1661914288433606E-4	0.01852128322563438	8.239672900530352E-4	0.017820080791963594	0.0012161146543663171	8.733212577433608E-4	0.05269617325537542	3.3298482500153853E-4	6.116302788904013E-4	0.12245569155364878	0.06980764782235761	5.205613944666118E-4
85	85	0.08162461609884392	0.09348567083509346	0.7527977073100797	4.381330215247616E-4	0.002087371023593993	4.839845492719367E-4	2.8228448800238264E-4	0.0010211645831898206	7.346150409114721E-4	3.9600159344889137E-4	0.0010842373566951303	7.786169902990967E-4	5.067924616022548E-4	2.9687545099716246E-4	5.453041738111314E-4	0.06270148393455158	2.710301522373102E-4	4.6411093584601976E-4
86	86	0.28025294896723685	0.10395332107014542	0.16526511732279878	4.871910556039916E-4	0.2779411280211599	5.38176608179922E-4	3.138920623054217E-4	0.009748631056241469	8.168703559450896E-4	4.4034214463409163E-4	0.0012056401055900066	8.657992316919699E-4	5.635383370120935E-4	3.301167847400985E-4	6.06362230218918E-4	0.15585346934154143	3.013775713811225E-4	5.160777335734323E-4
87	87	0.18824508731442377	0.00979978212787476	0.24919453291943033	5.184493422530731E-4	0.26827665438504117	0.2113848666016488	3.3403144694221516E-4	0.010374105396311922	8.692809399399319E-4	4.685945947197762E-4	0.010448740350381588	0.010087095210314895	5.996950822426322E-4	3.512971511823486E-4	0.037308250994221734	8.696327236629444E-4	3.2071402349261724E-4	5.491893959155243E-4
88	88	0.4657303274671296	5.90720842698861E-4	0.1638538236900282	0.017562177850274283	0.26702805570288485	0.04323144880579129	3.1121155793713685E-4	0.0011258083045712689	0.009349468230692697	4.3658181048112694E-4	0.0011953444531740852	8.584056754307421E-4	5.587259599071667E-4	3.27297728160455E-4	6.011841553261441E-4	0.02642894318029829	2.9880393542914315E-4	5.116706497846359E-4
89	89	0.3794574692062543	0.40203768480538066	0.09979841442103823	5.045749252817085E-4	0.020244832510084302	5.57379735808357E-4	3.250923063189789E-4	0.0011760219338642355	8.46017787220762E-4	4.560543593142962E-4	0.0012486595539824286	8.96692534920087E-4	0.018424562704710185	3.41895956583133E-4	6.279983457969173E-4	0.07221002530515855	3.1213127542476735E-4	5.344923328580801E-4
90	90	0.32055757627948406	0.2055404872252572	0.20655169168639453	4.830306517277537E-4	0.002301274125413648	0.06885016960361107	3.1121155793713685E-4	0.0011258083045712689	8.09894631419432E-4	4.3658181048112694E-4	0.009734918052447349	8.584056754307421E-4	5.587259599071667E-4	3.27297728160455E-4	6.011841553261441E-4	0.17160169436794379	2.9880393542914315E-4	0.0090512442490579
91	91	0.4954234250724542	0.2949921870827346	0.010593832985499868	5.045749252817085E-4	0.15405170466339185	5.57379735808357E-4	3.250923063189789E-4	0.0011760219338642355	8.46017787220762E-4	4.560543593142962E-4	0.0012486595539824286	8.96692534920087E-4	5.836464176025108E-4	3.41895956583133E-4	0.009548456489350755	0.009766818300281681	3.1213127542476735E-4	0.018375408619965755
92	92	0.24793594844533384	0.41762289653115453	0.20145275941878812	4.914237502959195E-4	0.04578104329918987	5.428522631340936E-4	3.1661914288433606E-4	0.0011453702516968354	0.06163966269883443	4.441678180260511E-4	0.01859202762830386	8.733212577433608E-4	5.684343335627933E-4	3.3298482500153853E-4	6.116302788904013E-4	8.243007360859776E-4	3.0399592660743005E-4	5.205613944666118E-4
93	93	0.13499251411473978	0.6174458957314364	0.17538888995788182	4.914237502959195E-4	0.00234126086434601	5.428522631340936E-4	3.1661914288433606E-4	0.0011453702516968354	0.04426374972489689	4.441678180260511E-4	0.0012161146543663171	0.018249234231680903	5.684343335627933E-4	3.3298482500153853E-4	6.116302788904013E-4	8.243007360859776E-4	3.0399592660743005E-4	5.205613944666118E-4
94	94	0.16681487602018588	0.5816306833164686	0.06511316063642937	4.0087202404950445E-4	0.001909850675619799	4.4282411127133766E-4	2.582776200467187E-4	9.343197002735773E-4	0.02902045380156576	3.623236608375896E-4	9.920284534040702E-4	0.09993149874351427	0.050073241921077795	2.716276954375055E-4	4.989288118881419E-4	6.724117511644533E-4	2.479804086158694E-4	4.2464064814979685E-4
95	95	0.12725350378863023	0.5165291635551627	0.2881822342802063	4.6325082898264545E-4	0.03496657051056113	5.117309872804131E-4	2.984676266147515E-4	0.0010797071127944342	0.00896661297357259	4.187040406249765E-4	0.001146395796771928	8.232544649585239E-4	5.358464585535278E-4	3.1389507757351203E-4	0.016956332123174808	7.770442496783914E-4	2.865680889933348E-4	4.907180358658018E-4
96	96	0.20996876447873142	0.3039126452262884	0.028434749272607543	5.045749252817085E-4	0.22541536981182256	0.009477837879362195	3.250923063189789E-4	0.027937396364525746	0.1792551806582975	4.560543593142962E-4	0.0012486595539824286	0.009817150678473925	5.836464176025108E-4	3.41895956583133E-4	6.279983457969173E-4	8.463601567278443E-4	3.1213127542476735E-4	5.344923328580801E-4
97	97	0.16197441759904221	0.3336782761877485	0.09977867084654478	5.539937015460483E-4	0.11037490280804908	0.05937681228389255	3.5693230300978997E-4	0.0012912031724070451	0.20660582493754956	5.007209632576988E-4	0.0013709550229737508	0.020572796524998778	6.408095667876959E-4	3.753817263617859E-4	6.895053850696008E-4	9.292538581955362E-4	3.4270185056126985E-4	5.868412620042745E-4
98	98	0.25240531006385275	0.2939379114467745	0.11170834131351108	5.184493422530731E-4	0.15828770110030577	5.72706139239278E-4	3.3403144694221516E-4	0.010374105396311922	8.692809399399319E-4	4.685945947197762E-4	0.12960343974217828	9.213491032536112E-4	5.996950822426322E-4	3.512971511823486E-4	6.452665659766044E-4	8.696327236629444E-4	0.03698369845173775	5.491893959155243E-4
99	99	0.16991359510030118	0.6697335018362872	0.1025425952064498	5.184493422530731E-4	0.011635763387325257	5.72706139239278E-4	3.3403144694221516E-4	0.03787134371749577	8.692809399399319E-4	4.685945947197762E-4	0.0012829942433203066	9.213491032536112E-4	5.996950822426322E-4	3.512971511823486E-4	6.452665659766044E-4	8.696327236629444E-4	3.2071402349261724E-4	5.491893959155243E-4
100	100	0.287686591572135	0.20396811660044245	0.0812328637727646	5.001136821133974E-4	0.17037281736440105	0.02707721302107131	3.222179743655503E-4	0.0011656240334626117	0.18651186749458978	4.5202211495785395E-4	0.0012376194217332082	8.887643497387595E-4	5.784860569449043E-4	3.3887305369169796E-4	0.027147207250466262	0.009680464125242283	3.0937153955535695E-4	5.297665723238115E-4
101	101	0.2191369231531401	0.11617636476296707	0.001549013639899384	4.6707612784690485E-4	0.43987335145061074	5.159566115901398E-4	3.00932226355706E-4	0.06714871163823312	7.831437757713821E-4	4.221614938897251E-4	0.0011558621727933464	0.017345074705835763	5.402712166350703E-4	3.164870696620649E-4	5.813270159735364E-4	7.834607011984068E-4	0.13240911209210166	4.947701454958946E-4
102	102	0.027193232022802254	0.24649281055311295	0.009128143059817368	4.347654063144331E-4	0.3863855699314311	4.8026450615804413E-4	2.801147690158331E-4	0.13936644311432214	7.289685804440551E-4	3.929578123963431E-4	0.0010759035995149347	0.062262911204095765	0.12348345488194012	2.9459358171264274E-4	5.411128105954781E-4	7.292635820590743E-4	2.689469372813692E-4	4.6054364698613063E-4
103	103	0.07747965614333815	0.3498661397116801	0.0015238472684198433	4.5948767863003147E-4	0.41648015031104485	5.075740154527384E-4	2.960430685048269E-4	0.14729130352935887	7.704202679369172E-4	4.1530275959202273E-4	0.0011370832181925618	8.165668777244041E-4	5.31493588222176E-4	3.113451968221949E-4	5.718823659987091E-4	7.707320443692382E-4	2.8424019503681136E-4	4.8673175967551863E-4
104	104	0.11272006599781588	0.11714368000134105	0.0015619111384687443	4.7096512761780364E-4	0.3103156083685256	5.202526032382624E-4	3.0343786791942344E-4	0.0344027482983317	0.1423361750900045	4.256765225009873E-4	0.0011654861879317464	0.10907841305681147	5.447696581362503E-4	0.04195044888714383	5.861672989534437E-4	7.899840028741188E-4	0.1251853201593793	4.988897330058599E-4
