0	0	0.016922498566750488	7.241160025951852E-4	2.5450914170501614E-4	3.0270660837060533E-4	0.01777922480948977	3.7631211023549745E-4	1.8658804037168032E-4	0.0420746995506157	0.0012256344787027204	5.040530549250578E-4	0.10367009096279442	0.5386681245455537	2.466683412513225E-4	0.18258899641204338	5.897061133796359E-4	3.116765059136446E-4	4.6243417732432234E-4	8.621465611567455E-4	5.349240815302427E-4	4.508600134716153E-4	0.09097554329861297	2.8848662320625187E-4
1	1	0.008817748531906588	7.36264734796234E-4	2.5877912523557153E-4	3.077852166424876E-4	0.026466177064284477	3.826256222071676E-4	1.8971848925869558E-4	0.24410854515760583	0.0012461973512324905	5.125097187157468E-4	0.14735271993608468	0.49737355060210486	2.5080677709530223E-4	0.009490400549609632	5.995998066871924E-4	3.169056051051181E-4	4.7019258752488554E-4	8.766110774110616E-4	0.0592645491701503	4.5842424012065684E-4	2.265619781082271E-4	2.9332665811275424E-4
2	2	4.2551467618549794E-4	7.30139836772659E-4	2.5662637272986247E-4	0.08349402542090205	0.00960824798504138	0.07524936317485274	1.8814024390077032E-4	0.5581952778517595	0.00123583038493244	5.082462118344974E-4	0.1794024305849666	0.044016436272174976	2.487203455975946E-4	0.0010925709824289624	0.025551251997578024	3.14269305384875E-4	4.662811117826339E-4	8.693186549959572E-4	0.008858254114063645	4.5461066384900375E-4	0.008543557299441656	2.9088650882455846E-4
3	3	4.683745444445821E-4	8.036830045320321E-4	0.009439272356814294	3.3596848520829376E-4	0.0014192392102695016	4.176618750475669E-4	2.0709062685842823E-4	0.36718584082178773	0.019673903820270393	5.594391950652542E-4	0.3256678622194177	0.17664514465094736	2.7377264541772966E-4	0.0012026199442894214	0.028124896000384286	3.4592400916011625E-4	5.132471699262804E-4	9.568805773303315E-4	0.06469128383893685	5.004012187986268E-4	2.473077993191312E-4	3.2018598577404563E-4
4	4	0.023985431377679473	6.8996186665424E-4	2.4250479462132669E-4	2.884289475877212E-4	0.0012184168748431042	3.5856272350306214E-4	1.7778730502959509E-4	7.846233034973704E-4	0.0011678253894829036	4.8027855401959544E-4	0.19311364595952724	0.4346498402038029	2.3503381856541117E-4	0.2761713205485168	5.61891643475103E-4	2.969757649903364E-4	4.406227000203141E-4	8.214819842861423E-4	5.096934972962373E-4	4.2959445086112496E-4	0.06310119862005922	2.7487967168078083E-4
5	5	4.8618202558132844E-4	8.34238828098616E-4	2.932146332292492E-4	3.4874192162547246E-4	0.010978134783813459	4.33541273383075E-4	2.1496415985700637E-4	9.486947856736141E-4	0.0014120277241847193	5.807089310734197E-4	0.4330990361634495	0.36395494088432245	2.8418141181389364E-4	0.04877302554634228	6.793880195787406E-4	3.590759520676268E-4	5.327606968789222E-4	9.932609336776967E-4	6.162747920197469E-4	5.194263459543485E-4	0.1333258208118007	3.3235937557404675E-4
6	6	4.364059012394219E-4	7.488280694663293E-4	2.6319483143786405E-4	3.130371437013838E-4	0.0013223698298259463	3.891545967973637E-4	1.9295577166679776E-4	8.515658357546113E-4	0.0012674619774580736	5.212549849407879E-4	0.2607805577013113	0.3352244340051719	2.550864462540435E-4	0.11203400413497526	6.098311442530483E-4	3.223131589204812E-4	4.782157707051964E-4	8.915692274086653E-4	5.531795538943175E-4	4.662466128044631E-4	0.28178000143205245	2.983318699602985E-4
7	7	4.0852243066618834E-4	7.009828744768131E-4	2.463784104944666E-4	2.930361263917257E-4	0.0012378790836372173	3.6429017420953815E-4	1.806271652801142E-4	7.971563723284787E-4	0.001186479482375461	0.18418156588444992	0.3399585402972832	0.002325315838063732	0.04017218280856053	0.08890240927766996	5.708669397885163E-4	3.0171946516748444E-4	4.476609240996757E-4	8.346038100166321E-4	0.16025141385672492	0.008423135458909084	0.12001588924351915	0.04819934407588718
8	8	4.683745444445821E-4	0.037430872410503774	2.8247500532135894E-4	3.3596848520829376E-4	0.0014192392102695016	4.176618750475669E-4	2.0709062685842823E-4	9.139467620702888E-4	0.0013603091172845222	0.25694976503686745	0.6003717827642058	0.05760677908153921	2.7377264541772966E-4	0.0012026199442894214	6.54503945905482E-4	3.4592400916011625E-4	0.01882684187291215	9.568805773303315E-4	0.018907297081472187	5.004012187986268E-4	2.473077993191312E-4	3.2018598577404563E-4
9	9	4.1181143639336333E-4	0.008757606004072343	2.483619980341939E-4	2.953953542470967E-4	0.0012478452228012126	3.6722306694537857E-4	1.8208139089049473E-4	8.035742619649594E-4	0.0011960318044018058	0.00854285822326377	0.4876131711013345	0.2680263614253935	2.407105759523741E-4	0.1298730584091135	5.754629778355764E-4	3.041486024055983E-4	4.512650330363509E-4	8.413231882074218E-4	5.22004093037412E-4	4.3997041925243743E-4	0.08877821658790544	2.815188235112037E-4
10	10	4.327140690700526E-4	7.424932615539454E-4	2.6096830071782926E-4	3.103889654937976E-4	0.0013111830712058414	3.858624931497408E-4	1.9132343735811446E-4	8.443619044194805E-4	0.009716369066009579	0.21200757903828119	0.49544407256081546	0.1801152312977373	2.5292850946726734E-4	0.0011110564735224374	6.046721988083543E-4	3.195865090623234E-4	4.741702425370963E-4	8.840268822075145E-4	5.484998599059816E-4	4.6230233927580005E-4	0.09328440142648282	2.958080929180094E-4
11	11	4.5585210831043373E-4	7.821957797976324E-4	2.74922769070295E-4	0.009238967769883826	0.0013812945085762143	4.0649529006128433E-4	2.0155386321579551E-4	0.1345692373266296	0.001323939967325497	0.18769609817252178	0.5219364036675042	0.13627444287226873	2.664530749838032E-4	0.0011704667634117635	6.37005164301395E-4	3.3667540382202523E-4	4.995250217381123E-4	9.312974706911024E-4	5.778291842543277E-4	4.870225192553231E-4	2.4069579155913857E-4	3.1162551081770606E-4
12	12	4.5585210831043373E-4	0.018606159219140068	2.74922769070295E-4	0.06271085808791113	0.0013812945085762143	0.009318477009732503	2.0155386321579551E-4	0.1256572556069584	0.010235921686996715	0.14313618957416568	0.5130244219478329	0.002594717077200449	2.664530749838032E-4	0.0011704667634117635	6.37005164301395E-4	3.3667540382202523E-4	4.995250217381123E-4	9.312974706911024E-4	5.778291842543277E-4	4.870225192553231E-4	0.10718447642761376	3.1162551081770606E-4
13	13	4.327140690700526E-4	7.424932615539454E-4	2.6096830071782926E-4	3.103889654937976E-4	0.009770812418298174	3.858624931497408E-4	1.9132343735811446E-4	0.18695620754045078	0.0012567397189172456	0.31352313120338915	0.3770092617015228	0.010922644355890661	2.5292850946726734E-4	0.0011110564735224374	6.046721988083543E-4	3.195865090623234E-4	0.08507046371346043	0.009343656229299847	5.484998599059816E-4	4.6230233927580005E-4	2.2847860846716674E-4	2.958080929180094E-4
14	14	4.683745444445821E-4	0.028274075059010837	0.0369096644112931	3.3596848520829376E-4	0.0014192392102695016	4.176618750475669E-4	2.0709062685842823E-4	0.14742270438595725	0.0013603091172845222	0.14706819681895222	0.5362742013037552	0.030136387027060403	2.7377264541772966E-4	0.0012026199442894214	6.54503945905482E-4	3.4592400916011625E-4	0.01882684187291215	9.568805773303315E-4	0.046377689135950986	5.004012187986268E-4	2.473077993191312E-4	3.2018598577404563E-4
15	15	4.599511848618638E-4	7.89229377583282E-4	2.773949074143011E-4	3.299263477929768E-4	0.0013937152736171166	4.101505442136294E-4	2.0336625960378234E-4	8.975101253920331E-4	0.0013358449934877743	0.1983760032063898	0.5895745533470147	0.011610168405463462	2.6884905282795684E-4	0.08211006564447731	6.427331907479668E-4	3.397028292262098E-4	5.040168103382539E-4	9.39671808672482E-4	5.830250932272788E-4	4.914018838613071E-4	0.10814829202919159	3.14427684594975E-4
16	16	4.518254481758087E-4	0.06260810552554923	2.7249430480713924E-4	3.2409769745747933E-4	0.054368652390377324	0.026902684219104196	1.9977348556437084E-4	8.816542450463956E-4	0.0013122452615429016	5.396725079011626E-4	0.15516234914185079	0.3559021920346455	2.6409942572952597E-4	0.0718262066798573	6.313783321471036E-4	3.3370146248850013E-4	4.951125874099358E-4	9.230710781169668E-4	0.06240554415325293	4.827205227805923E-4	0.12390420783176913	0.07980821166442566
17	17	4.18550926273431E-4	7.181907513270007E-4	2.5242656017215745E-4	3.0022963961324106E-4	0.0012682668029414166	0.09038334685692821	1.8506123939106666E-4	8.167251366804023E-4	0.0012156054333243049	4.999285210213421E-4	0.3237557020138807	0.2478645273044178	2.4464991893144254E-4	0.00925742817629948	5.848807029707567E-4	3.091261388380525E-4	4.58650199776771E-4	0.017220567116580196	0.13963708677169054	0.008629908381539379	0.15569301539454553	2.861260128566934E-4
18	18	4.220040749001978E-4	0.017224610494445472	2.5450914170501614E-4	3.0270660837060533E-4	0.0012787303176394823	3.7631211023549745E-4	1.8658804037168032E-4	0.20707964446911858	0.0012256344787027204	0.05000553653047592	0.4749312170294259	0.09315477326559589	2.466683412513225E-4	0.0010835570016902	5.897061133796359E-4	0.05806340722738965	4.6243417732432234E-4	8.621465611567455E-4	5.349240815302427E-4	0.025201601751247048	0.06622480156083754	2.8848662320625187E-4
19	19	0.009367833827981653	7.821957797976324E-4	2.74922769070295E-4	3.269860502126079E-4	0.0013812945085762143	0.009318477009732503	2.0155386321579551E-4	0.06327338356925985	0.001323939967325497	5.444820594261868E-4	0.33478478755440855	0.09171453427391264	2.664530749838032E-4	0.10811424739946639	6.37005164301395E-4	0.05380856572184933	4.995250217381123E-4	9.312974706911024E-4	0.15208151841866505	4.870225192553231E-4	0.1695683484653123	3.1162551081770606E-4
20	20	4.4398183433602743E-4	0.01812165952391827	2.677638494751607E-4	3.184714159023298E-4	0.0013453259478144492	3.959102551906169E-4	1.963054514318969E-4	0.13974500427573852	0.018649296829383374	5.303038838694415E-4	0.5257051432276995	0.00252715129867066	2.595147040873657E-4	0.04453956791654495	6.20417710419927E-4	3.2790846118656465E-4	4.86517516108535E-4	9.070467193460043E-4	5.627826579742833E-4	4.743405756383609E-4	0.2432720750841831	3.0351086108068776E-4
21	21	0.019132351376250214	8.186759032166426E-4	0.04692584262572975	3.4223605766104585E-4	0.0014457154572086628	0.10302926901678822	2.1095395203702747E-4	0.010258616253849691	0.001385686009243404	5.698756670629386E-4	0.30376041529750814	0.05868144732442331	2.7887993960240125E-4	0.04786315308862617	0.009994333469892515	3.523773042934777E-4	0.17774759424879527	9.747314133792272E-4	6.047780383662195E-4	5.097363232276073E-4	0.21478717210091325	3.26159131924794E-4
22	22	4.727029899308235E-4	8.111101760437989E-4	2.8508547524604095E-4	3.3907331080261304E-4	0.0014323549946912884	0.009662940817425135	2.0900443814407616E-4	9.223929271829535E-4	0.010614299457941893	5.64609207157987E-4	0.5412301359794399	0.002690632549585482	2.76302693186914E-4	0.038179410474980024	6.605524912074929E-4	3.4912083792417126E-4	0.08369076268748388	0.06565565758930515	5.991890310185884E-4	5.050256362066801E-4	0.24052649127641926	3.231449586757965E-4
23	23	4.518254481758087E-4	7.752864412060947E-4	2.7249430480713924E-4	3.2409769745747933E-4	0.0013690931752260728	4.029046115285705E-4	0.044366072831523745	8.816542450463956E-4	0.0013122452615429016	0.018206192246284912	0.3583273261332639	0.10857091569727301	2.6409942572952597E-4	0.15132554550258417	6.313783321471036E-4	0.009166961331680375	4.951125874099358E-4	9.230710781169668E-4	0.11540510336840419	4.827205227805923E-4	0.18573702691611227	3.0887284169878355E-4
24	24	4.327140690700526E-4	7.424932615539454E-4	2.6096830071782926E-4	3.103889654937976E-4	0.0013111830712058414	3.858624931497408E-4	1.9132343735811446E-4	8.443619044194805E-4	0.009716369066009579	5.168453609728646E-4	0.5039037019079078	0.09551893782681399	2.5292850946726734E-4	0.0941669792915381	6.046721988083543E-4	3.195865090623234E-4	0.07661083436636809	8.840268822075145E-4	0.025927387901182982	4.6230233927580005E-4	0.1863403242444985	2.958080929180094E-4
25	25	4.18550926273431E-4	7.181907513270007E-4	2.5242656017215745E-4	3.0022963961324106E-4	0.0012682668029414166	0.024921445758775123	1.8506123939106666E-4	0.17265421551933227	0.0012156054333243049	4.999285210213421E-4	0.3237557020138807	0.3051436907653018	2.4464991893144254E-4	0.001074690539030343	5.848807029707567E-4	3.091261388380525E-4	0.06592055129792987	8.550918420419261E-4	5.305469381152235E-4	4.4717074427024146E-4	0.09841385193366155	2.861260128566934E-4
26	26	4.364059012394219E-4	7.488280694663293E-4	2.6319483143786405E-4	3.130371437013838E-4	0.0013223698298259463	3.891545967973637E-4	1.9295577166679776E-4	0.06057420263636512	0.035394683006378366	0.017584865499400932	0.4143530523314526	0.002484028973199032	0.01731869696071419	0.2741383040223467	6.098311442530483E-4	3.223131589204812E-4	4.782157707051964E-4	8.915692274086653E-4	5.531795538943175E-4	4.662466128044631E-4	0.17086653308806152	2.983318699602985E-4
27	27	4.2551467618549794E-4	7.30139836772659E-4	0.12503982732157295	3.0522478833999543E-4	0.0012893679217851747	3.794426055468974E-4	1.8814024390077032E-4	0.1672079148787179	0.01787359051144485	0.05042152659137173	0.22931571096450384	0.09392971665171221	2.487203455975946E-4	0.14251353205778444	5.946118078094101E-4	0.008633149368641081	4.662811117826339E-4	8.693186549959572E-4	5.393740508074403E-4	4.5461066384900375E-4	2.2467723618545068E-4	0.15834960771069245
28	28	4.4786930224167433E-4	0.04454808101092219	2.7010836740500765E-4	3.2125992505392095E-4	0.0013571055095899529	0.009155293394983858	1.9802428558934906E-4	0.14972451645864	0.027568505099370644	5.349471804400441E-4	0.21509517663437278	0.3527859421296169	2.617869931883192E-4	0.06244138582309753	6.258500361387469E-4	3.30779600319451E-4	4.907774228955671E-4	0.027182738492630896	5.677103359816539E-4	4.7849386215040454E-4	0.1053074797585088	3.061683768622308E-4
29	29	7.499136415709969E-4	0.05993050256355567	4.5227022349074496E-4	5.379185380247612E-4	0.0022723413495830493	6.687176777160453E-4	3.3157243057857825E-4	0.001463318518641753	0.002177988483585841	0.16216596674979808	0.44812157012839227	0.018929451547795188	4.383368906847726E-4	0.19251762586626087	0.0010479250918271042	5.538583095367073E-4	8.217591216060746E-4	0.0748367187093582	9.505758114758363E-4	0.030123055066833705	3.959640731462991E-4	5.126492065373632E-4
30	30	3.622337199004068E-4	0.0643571012663525	0.5950835494933584	2.59832895723701E-4	0.043587981334055746	3.2301331584633073E-4	1.6016072823170116E-4	7.068324684644E-4	0.0010520422973727883	4.32661729998338E-4	0.01108782526113781	0.26408574744819807	2.1173158305227453E-4	9.300878991256124E-4	5.061833565186184E-4	2.67532345912444E-4	3.9693752317649744E-4	7.400368255235659E-4	0.014622614820379356	3.8700266075107083E-4	1.9126407523701718E-4	2.4762695168339634E-4
31	31	4.518254481758087E-4	0.018441806179589845	0.2652702903805634	3.2409769745747933E-4	0.0013690931752260728	0.10640202304183108	1.9977348556437084E-4	8.816542450463956E-4	0.0013122452615429016	5.396725079011626E-4	0.12866256953427516	0.37356871177302925	2.6409942572952597E-4	0.0011601277263222954	0.00946463820133898	3.3370146248850013E-4	4.951125874099358E-4	9.230710781169668E-4	5.727250689098061E-4	4.827205227805923E-4	2.3856966308287588E-4	0.08864147153361754
32	32	4.18550926273431E-4	7.181907513270007E-4	0.4584857342472438	3.0022963961324106E-4	0.09127838081290192	3.732328469677133E-4	1.8506123939106666E-4	0.00899946277394954	0.0012156054333243049	4.999285210213421E-4	0.07827357289580664	0.1824026262062647	0.016610125193469716	0.001074690539030343	5.848807029707567E-4	3.091261388380525E-4	4.58650199776771E-4	8.550918420419261E-4	5.305469381152235E-4	4.4717074427024146E-4	2.2100028643190608E-4	0.15575814112097028
33	33	4.220040749001978E-4	0.017224610494445472	0.31376390448686053	0.14055690978909807	0.009528977563564626	3.7631211023549745E-4	1.8658804037168032E-4	0.02557420505876541	0.0012256344787027204	0.14900850348157765	0.12017058545464471	0.10140502051152103	0.11575012978420333	0.0010835570016902	5.897061133796359E-4	3.116765059136446E-4	4.6243417732432234E-4	8.621465611567455E-4	5.349240815302427E-4	4.508600134716153E-4	2.2282359343638958E-4	2.8848662320625187E-4
34	34	3.868925259377422E-4	6.638681614205914E-4	0.6734124983227918	2.7752083758491566E-4	0.008736148341798542	3.450022204273873E-4	1.7106355730390832E-4	7.549495922527285E-4	0.0011236593377773117	0.015589736554928386	0.04209786454048894	0.13835079322824054	0.030481388424993823	9.93402979534242E-4	5.406414329537769E-4	2.8574442243691015E-4	4.2395876624475926E-4	0.07642852272047611	4.904173712945949E-4	0.007977158435826422	2.042842428085968E-4	2.6448398247792403E-4
35	35	4.220040749001978E-4	0.017224610494445472	0.5530210746186897	0.0910554263135472	0.0012787303176394823	3.7631211023549745E-4	0.033187577024072254	8.234633209899776E-4	0.0012256344787027204	0.14900850348157765	0.012917371257617839	0.06015378428189531	2.466683412513225E-4	0.058835287723166214	5.897061133796359E-4	3.116765059136446E-4	4.6243417732432234E-4	0.009112393807081889	5.349240815302427E-4	0.00870110725939676	2.2282359343638958E-4	2.8848662320625187E-4
36	36	4.220040749001978E-4	7.241160025951852E-4	0.44576786042166283	3.0270660837060533E-4	0.01777922480948977	3.7631211023549745E-4	0.033187577024072254	0.009073710566915123	0.0012256344787027204	0.10775726725195194	0.07066910197909385	0.09315477326559589	2.466683412513225E-4	0.058835287723166214	5.897061133796359E-4	3.116765059136446E-4	0.15721713184990208	8.621465611567455E-4	5.349240815302427E-4	4.508600134716153E-4	2.2282359343638958E-4	2.8848662320625187E-4
37	37	4.18550926273431E-4	7.181907513270007E-4	0.5484958482572043	3.0022963961324106E-4	0.16492301954832414	3.732328469677133E-4	1.8506123939106666E-4	8.167251366804023E-4	0.0012156054333243049	4.999285210213421E-4	0.0700908352585375	0.11694072510811164	2.4464991893144254E-4	0.001074690539030343	5.848807029707567E-4	3.091261388380525E-4	0.09046876420973728	8.550918420419261E-4	5.305469381152235E-4	4.4717074427024146E-4	2.2100028643190608E-4	2.861260128566934E-4
38	38	4.0209955063872835E-4	0.05571773612974931	0.5898258004706398	2.884289475877212E-4	0.17416285027314188	3.5856272350306214E-4	1.7778730502959509E-4	7.846233034973704E-4	0.0011678253894829036	4.8027855401959544E-4	0.051613654997282786	0.0887609734072053	2.3503381856541117E-4	0.024615781060082196	5.61891643475103E-4	2.969757649903364E-4	4.406227000203141E-4	0.008682592593299723	5.096934972962373E-4	4.2959445086112496E-4	2.123137479505816E-4	2.7487967168078083E-4
39	39	3.839881124897584E-4	6.588844838190537E-4	0.5782728219934075	2.7543748058332017E-4	0.046205711285809234	3.424122787215741E-4	1.6977937820251786E-4	7.492821637001243E-4	0.0011152239944382724	4.586457635536892E-4	0.011753718275623706	0.22739653891152137	2.2444738428290122E-4	9.859454744660496E-4	5.365828219878445E-4	2.8359933074458406E-4	0.12053324157952025	7.844806493548851E-4	4.867357938206943E-4	4.1024458261692355E-4	0.007709779767808879	2.6249849352689476E-4
40	40	3.8112698115420017E-4	6.539750739132508E-4	0.5590618700845249	2.733851701574208E-4	0.00860596062525317	3.398609328114678E-4	1.6851433617828132E-4	0.008194792709177478	0.0011069143561633669	4.552283510782979E-4	0.18304129111142242	0.03197375459396968	2.227750058329746E-4	9.785991025331898E-4	5.325846932016244E-4	2.8148620560986177E-4	0.10473295009071082	0.09019175761407028	4.831090799028896E-4	0.007858281328816687	2.0123996081418456E-4	2.6054259270356743E-4
41	41	3.783081715894609E-4	6.491382838548164E-4	0.7768066168463077	2.7136321744716173E-4	0.05291822309789791	3.373473263352509E-4	1.672680066185726E-4	0.022926154819532404	0.0010987276338141607	0.08920368555137441	0.04855978431225496	0.002153335819605739	2.2112736515604025E-4	9.713613979185436E-4	5.286457046191731E-4	2.794043377601694E-4	4.145519877868812E-4	7.728766345928875E-4	4.795360122310112E-4	4.0417625678042127E-4	1.9975159301447405E-4	2.586156235078661E-4
42	42	3.898412111165717E-4	6.689278048022593E-4	0.6480590510353312	2.796359510227355E-4	0.03928856296341268	3.476316403976278E-4	1.7236731103974828E-4	0.008382161517193842	0.008753681368598044	4.656368625005907E-4	0.034797253543281136	0.0022189820545742154	2.2786861695653804E-4	0.0010009741587273728	0.03865205245023621	0.06888104518583144	4.27189950221319E-4	0.12273976815416517	0.008115613174995392	0.015659414122917863	2.0584118660733807E-4	2.664997360706826E-4
43	43	3.8112698115420017E-4	6.539750739132508E-4	0.7080837404235182	2.733851701574208E-4	0.0011548671083035057	3.398609328114678E-4	1.6851433617828132E-4	0.030548073260026475	0.08306894304260969	4.552283510782979E-4	0.1308836364927748	0.0021693805261710185	2.227750058329746E-4	9.785991025331898E-4	0.030336958761000284	2.8148620560986177E-4	0.007868734370365183	7.786354106743044E-4	4.831090799028896E-4	4.0718781186702287E-4	2.0123996081418456E-4	2.6054259270356743E-4
44	44	0.007950703366725867	6.638681614205914E-4	0.7187953633675206	0.038096575041525534	0.001172337501010417	3.450022204273873E-4	1.7106355730390832E-4	7.549495922527285E-4	0.01625128101935356	0.015589736554928386	0.004278810336548313	0.11565936070587618	2.2614506184132676E-4	0.04637626802426299	5.406414329537769E-4	2.8574442243691015E-4	4.2395876624475926E-4	0.03104565767574736	4.904173712945949E-4	4.1334759503829603E-4	2.042842428085968E-4	2.6448398247792403E-4
45	45	3.989632563516161E-4	6.84580305154667E-4	0.8192191464180335	2.8617926076484305E-4	0.009008709025760762	3.5576600756665356E-4	1.7640060039836715E-4	7.785034021436261E-4	0.05575728546428489	0.023875919139810426	0.012212101273336705	0.0022709048736615106	2.3320060283245662E-4	0.001024396340104424	5.575090035328107E-4	2.9465941473908526E-4	4.371859330439509E-4	0.03201425680651906	5.057179922224088E-4	4.262437019735158E-4	2.1065774412338243E-4	0.03927171343364135
46	46	4.0528554513728695E-4	6.954287086536499E-4	0.8084309520478045	2.907142847356484E-4	0.0646152493692726	3.614037584225349E-4	1.7919598448431739E-4	7.908401856709828E-4	0.001177078534034444	4.840839918233718E-4	0.11540978898597308	0.002306891436803611	2.368960848915862E-4	0.0010406297385189799	5.66343734212469E-4	2.9932882196829493E-4	4.441139287371202E-4	8.279909124320285E-4	5.13732001382495E-4	4.329982983781906E-4	2.139959941303259E-4	2.7705765253241177E-4
47	47	3.674379100084719E-4	6.304860223451347E-4	0.8622379985422315	2.6356589933818216E-4	0.08013155716429984	3.276540287638442E-4	1.6246174779937998E-4	7.169874881060087E-4	0.0010671569259025641	4.388777550995206E-4	0.039981003316321866	0.0020914621267048377	2.1477351799524056E-4	9.434504161369811E-4	5.134556624143414E-4	2.713759670655707E-4	0.007586110284564273	7.506688901697079E-4	4.657570820309197E-4	3.925627047453995E-4	1.9401195472391414E-4	2.5118459323260204E-4
48	48	3.648172561989864E-4	6.259892473764114E-4	0.513740996292479	2.616860851999645E-4	0.03676662531203605	3.2531712297572497E-4	1.6130303230849253E-4	7.118737642879761E-4	0.022456253057578535	4.357475754706046E-4	0.07535702828467589	0.11619231784029077	2.1324170262513394E-4	9.367215053203127E-4	0.029038736704217083	0.007401676231845539	3.997685751825799E-4	0.19331568106104335	4.6243519270466307E-4	3.897628549758718E-4	1.926282157182649E-4	2.493930854888205E-4
49	49	3.648172561989864E-4	0.05768387550467795	0.4138896953422014	2.616860851999645E-4	0.10095674735150027	3.2531712297572497E-4	1.6130303230849253E-4	0.3430591913080972	0.0010595457110904591	4.357475754706046E-4	0.018299142027374357	0.03773772423650117	2.1324170262513394E-4	9.367215053203127E-4	5.097935755663158E-4	2.6944044968284665E-4	3.997685751825799E-4	0.022142022289138755	4.6243519270466307E-4	3.897628549758718E-4	1.926282157182649E-4	2.493930854888205E-4
50	50	3.4512514493476395E-4	5.921995905000396E-4	0.4927575290307748	2.475607898130441E-4	0.08201279883935597	3.077571504882927E-4	1.5259621483891878E-4	0.3785195520200727	0.007749605390351503	0.013906730493109214	0.010564138814336887	0.008711709384673064	2.0173133883911835E-4	8.861591380174449E-4	4.822759303857324E-4	2.548965890948959E-4	3.7818986110404085E-4	7.050843216255651E-4	4.3747385901636457E-4	3.687242298110044E-4	1.8223052703414267E-4	2.3593134182257547E-4
51	51	4.364059012394219E-4	7.488280694663293E-4	0.6913394206670737	3.130371437013838E-4	0.15489486445996725	3.891545967973637E-4	1.9295577166679776E-4	0.10323322892251549	0.0012674619774580736	5.212549849407879E-4	0.03042181575609933	0.011015834230429103	2.550864462540435E-4	0.0011205357909843156	6.098311442530483E-4	3.223131589204812E-4	4.782157707051964E-4	8.915692274086653E-4	5.531795538943175E-4	4.662466128044631E-4	2.3042794346005152E-4	2.983318699602985E-4
52	52	4.1515383139204286E-4	7.123616825756405E-4	0.706370556067594	2.9779287861726885E-4	0.17981709868165552	3.7020356829596654E-4	1.8355922243299633E-4	8.100963309433782E-4	0.001205739185907053	4.958709392237281E-4	0.06952195533797689	0.010479385759344404	2.426642609501457E-4	0.0010659680025358683	5.801336217494224E-4	3.066171709728996E-4	4.549276462039437E-4	8.481516396976605E-4	0.02487521251226347	4.4354136167636663E-4	2.1920657652781502E-4	2.8380372146347713E-4
53	53	4.0528554513728695E-4	0.016542223332013363	0.6024226219441282	2.907142847356484E-4	0.19931300366783017	3.614037584225349E-4	1.7919598448431739E-4	7.908401856709828E-4	0.001177078534034444	4.840839918233718E-4	0.1629501728560522	0.010230288748483467	2.368960848915862E-4	0.0010406297385189799	5.66343734212469E-4	2.9932882196829493E-4	4.441139287371202E-4	8.279909124320285E-4	5.13732001382495E-4	4.329982983781906E-4	2.139959941303259E-4	2.7705765253241177E-4
54	54	0.01587473467827654	6.792820440876603E-4	0.6193931178952353	2.8396439652747274E-4	0.1792064376261033	3.5301258160236294E-4	1.7503536037283626E-4	0.01625133739983552	0.008889178369721227	4.728443899195768E-4	0.11273017118015104	0.002253329365297626	2.3139576318766057E-4	0.0010164680967630773	5.531942018569777E-4	2.923789189471615E-4	4.338023632996146E-4	0.03950591430522685	5.018040234317473E-4	4.229448188560517E-4	2.0902737334620937E-4	2.7062484795415076E-4
55	55	3.928351880457085E-4	6.740651642135434E-4	0.5839162210787614	2.817835525641974E-4	0.20855009717399392	3.5030144821042284E-4	1.736910904090773E-4	0.01612652727752093	0.07026083625476368	4.692129493378173E-4	0.10418441366178627	0.0022360238164201105	2.2961864584673198E-4	0.0010086616310941558	0.008228936512139254	2.901334515288079E-4	4.30470765124542E-4	8.025550619506881E-4	4.979501731299807E-4	4.1969660652281456E-4	2.0742204503429446E-4	2.6854645160168404E-4
56	56	4.599511848618638E-4	7.89229377583282E-4	0.27004097458829995	3.299263477929768E-4	0.0013937152736171166	4.101505442136294E-4	2.0336625960378234E-4	0.2796532091289739	0.028312202961576344	0.009541497429769804	0.29283461569804037	0.07455500366433679	2.6884905282795684E-4	0.001180991740211612	6.427331907479668E-4	3.397028292262098E-4	0.009496136133034443	9.39671808672482E-4	5.830250932272788E-4	0.027467759851949877	2.4286015683730916E-4	3.14427684594975E-4
57	57	4.401612714895455E-4	7.552719022526062E-4	0.6198415406673181	3.1573089823884795E-4	0.0013337491175589619	3.925033590193253E-4	1.9461619917808748E-4	8.588937499659731E-4	0.06151493220001079	5.257405005069519E-4	0.02207837892828068	0.19182031823179418	2.5728152209685766E-4	0.0011301782517340675	6.150788774533156E-4	0.0605616501647935	4.8233092422018275E-4	0.03532013476782718	5.57939787506584E-4	4.702587690424379E-4	2.3241082737892018E-4	3.0089908233284153E-4
58	58	3.783081715894609E-4	6.491382838548164E-4	0.48836318864316197	2.7136321744716173E-4	0.20083792986874188	3.373473263352509E-4	1.672680066185726E-4	7.381988039058097E-4	0.0010987276338141607	0.007847846827410233	0.06335175498933934	0.20184493996024508	2.2112736515604025E-4	9.713613979185436E-4	5.286457046191731E-4	2.794043377601694E-4	0.015206522664871276	0.008168861973135086	0.007875521350773209	4.0417625678042127E-4	1.9975159301447405E-4	2.586156235078661E-4
59	59	5.798815612790792E-4	0.3070880071578183	0.3291162687340344	4.1595328365716475E-4	0.024430675564677668	5.170956087644236E-4	2.563931739102814E-4	0.0011315321927748048	0.0016841610717519416	6.926261850115017E-4	0.017749936216280418	0.2980569066784048	3.389503356733358E-4	0.012825707858533169	8.103232221235612E-4	4.282789423442311E-4	6.354371170445512E-4	0.0011846873612611373	7.350464841764711E-4	6.195329004632424E-4	3.0618494212944817E-4	3.964134078860108E-4
60	60	0.034271231457439384	0.009202122608646278	2.6096830071782926E-4	3.103889654937976E-4	0.009770812418298174	0.440286588541951	1.9132343735811446E-4	8.443619044194805E-4	0.0012567397189172456	0.08511313883189618	0.09784149324747585	0.2054941193390143	2.5292850946726734E-4	0.0011110564735224374	6.046721988083543E-4	3.195865090623234E-4	4.741702425370963E-4	0.11085920839440784	5.484998599059816E-4	4.6230233927580005E-4	2.2847860846716674E-4	2.958080929180094E-4
61	61	4.1515383139204286E-4	7.123616825756405E-4	2.5037778445178774E-4	2.9779287861726885E-4	0.0012579731387919503	0.34125580687739915	0.05699782644061685	8.100963309433782E-4	0.009322063074219032	4.958709392237281E-4	0.13445254644447274	0.29455072185026365	0.008358988149262125	0.0010659680025358683	5.801336217494224E-4	3.066171709728996E-4	0.024803899311139882	0.12259300996437736	5.262408473275282E-4	4.4354136167636663E-4	2.1920657652781502E-4	2.8380372146347713E-4
62	62	4.77112183602943E-4	8.186759032166426E-4	2.877446441115732E-4	0.00966985565398468	0.0014457154572086628	0.5227721508513518	2.1095395203702747E-4	9.309966575260555E-4	0.001385686009243404	0.009897495263386574	0.3224156544901554	0.0027157297464815012	0.009606499535926035	0.0012250551070079887	6.667138735688803E-4	0.009679996900617114	0.019178061111293474	0.07559568818396831	0.009932397634689854	5.097363232276073E-4	2.5192138546963684E-4	3.26159131924794E-4
63	63	0.1442464129696397	7.424932615539454E-4	2.6096830071782926E-4	3.103889654937976E-4	0.009770812418298174	0.2710940016001044	1.9132343735811446E-4	0.017763620598604143	0.0012567397189172456	5.168453609728646E-4	0.3008725975776918	0.22241337803319897	2.5292850946726734E-4	0.018030315167707103	6.046721988083543E-4	3.195865090623234E-4	4.741702425370963E-4	8.840268822075145E-4	5.484998599059816E-4	0.008921931686368133	2.2847860846716674E-4	2.958080929180094E-4
64	64	0.008744394739441703	7.30139836772659E-4	2.5662637272986247E-4	3.0522478833999543E-4	0.0012893679217851747	0.20003256412369586	1.8814024390077032E-4	8.303136135937839E-4	0.00123583038493244	5.082462118344974E-4	0.11285139007891697	0.5431492400675474	2.487203455975946E-4	0.12587577193127203	5.946118078094101E-4	3.14269305384875E-4	4.662811117826339E-4	8.693186549959572E-4	5.393740508074403E-4	4.5461066384900375E-4	2.2467723618545068E-4	2.9088650882455846E-4
65	65	4.8160440630083044E-4	0.15147347641129202	2.904538874843001E-4	3.454583618467212E-4	0.03912110058696795	0.05692211890695078	2.12940177004903E-4	9.397624037390602E-4	0.0013987328572527362	5.752412990768222E-4	0.07123437251845219	0.6335759986004712	2.815057178527214E-4	0.0012365895438699993	0.010088434549694474	3.556950928115024E-4	5.277445187612542E-4	9.839089417048716E-4	0.028856802100093188	5.145357166613461E-4	2.54293336982893E-4	3.292300647282522E-4
66	66	4.220040749001978E-4	0.19873004990479864	2.5450914170501614E-4	3.0270660837060533E-4	0.0012787303176394823	0.313885707455391	1.8658804037168032E-4	8.234633209899776E-4	0.0012256344787027204	0.10775726725195194	0.08716959647094413	0.14265625674114674	2.466683412513225E-4	0.0010835570016902	5.897061133796359E-4	3.116765059136446E-4	4.6243417732432234E-4	0.14111634974188422	5.349240815302427E-4	4.508600134716153E-4	2.2282359343638958E-4	2.8848662320625187E-4
67	67	4.220040749001978E-4	0.10797733019962207	2.5450914170501614E-4	3.0270660837060533E-4	0.0012787303176394823	0.5943941138168458	0.04968807151592254	8.234633209899776E-4	0.0012256344787027204	0.0665060310223262	0.12017058545464471	0.01065230080634444	2.466683412513225E-4	0.0010835570016902	5.897061133796359E-4	3.116765059136446E-4	4.6243417732432234E-4	0.042113382790782465	5.349240815302427E-4	4.508600134716153E-4	2.2282359343638958E-4	2.8848662320625187E-4
68	68	4.290841759825378E-4	7.36264734796234E-4	2.5877912523557153E-4	3.077852166424876E-4	0.026466177064284477	0.3527065285710173	0.09246502640442325	8.372788358083766E-4	0.0012461973512324905	0.008901174074639797	0.48289929417304667	0.002442353602585917	2.5080677709530223E-4	0.001101736193685581	5.995998066871924E-4	3.169056051051181E-4	0.025636185655297034	8.766110774110616E-4	5.438986786819591E-4	4.5842424012065684E-4	2.265619781082271E-4	2.9332665811275424E-4
69	69	4.5585210831043373E-4	0.08099003125683861	2.74922769070295E-4	3.269860502126079E-4	0.0013812945085762143	0.4192696361146086	2.0155386321579551E-4	8.895115315613195E-4	0.010235921686996715	5.444820594261868E-4	0.3615207327134222	0.06497858911489898	2.664530749838032E-4	0.0011704667634117635	6.37005164301395E-4	3.3667540382202523E-4	4.995250217381123E-4	0.054403187788718416	5.778291842543277E-4	4.870225192553231E-4	2.4069579155913857E-4	3.1162551081770606E-4
70	70	4.518254481758087E-4	0.05377484565635735	2.7249430480713924E-4	3.2409769745747933E-4	0.12503473134391233	0.3360667796408198	1.9977348556437084E-4	8.816542450463956E-4	0.0013122452615429016	0.07120575146143616	0.4024936254792233	0.0025717972669705076	2.6409942572952597E-4	0.0011601277263222954	6.313783321471036E-4	3.3370146248850013E-4	4.951125874099358E-4	9.230710781169668E-4	5.727250689098061E-4	4.827205227805923E-4	2.3856966308287588E-4	3.0887284169878355E-4
71	71	0.0928868945291872	8.111101760437989E-4	2.8508547524604095E-4	3.3907331080261304E-4	0.019915193302542565	0.30538835374304557	0.018691842745995352	9.223929271829535E-4	0.0013728803040162552	5.64609207157987E-4	0.31019465713129896	0.23372611139772642	2.76302693186914E-4	0.0012137338592774706	0.009901971645133132	3.4912083792417126E-4	5.179903021531352E-4	9.657235118256914E-4	5.991890310185884E-4	5.050256362066801E-4	2.4959327435267425E-4	3.231449586757965E-4
72	72	0.007044843663831395	0.06760854623525175	2.0674874931520215E-4	2.459016295870675E-4	0.255715966994583	0.3689174302703824	1.5157351019135922E-4	0.027477060994421054	0.007697667290459372	4.0946402944947217E-4	0.13112990567578786	0.04216348102599651	2.003793290398782E-4	8.802200715085903E-4	0.04739326461144771	2.5318826411062546E-4	3.756552207198132E-4	0.04091254817530833	4.345418954072139E-4	3.662530283864239E-4	1.8100921229103603E-4	2.3435012252403904E-4
73	73	0.008601288563542569	7.181907513270007E-4	2.5242656017215745E-4	3.0022963961324106E-4	0.29584682174463034	0.25403809960231094	1.8506123939106666E-4	0.02536493804848781	0.07486024416874654	4.999285210213421E-4	0.18464916218030542	0.002382398186343718	2.4464991893144254E-4	0.001074690539030343	0.05786404416385472	3.091261388380525E-4	0.09046876420973728	8.550918420419261E-4	5.305469381152235E-4	4.4717074427024146E-4	2.2100028643190608E-4	2.861260128566934E-4
74	74	4.599511848618638E-4	7.89229377583282E-4	2.773949074143011E-4	3.299263477929768E-4	0.2711572949545028	0.2791658495477955	0.036171843550388535	0.054850226061569175	0.0013358449934877743	5.493781070736145E-4	0.1669449451802937	0.08354712298703298	2.6884905282795684E-4	0.001180991740211612	0.03661121048153273	3.397028292262098E-4	5.040168103382539E-4	9.39671808672482E-4	5.830250932272788E-4	4.914018838613071E-4	0.06318769541571063	3.14427684594975E-4
75	75	4.599511848618638E-4	7.89229377583282E-4	2.773949074143011E-4	3.299263477929768E-4	0.49596027802190756	0.207228894966226	2.0336625960378234E-4	8.975101253920331E-4	0.0013358449934877743	5.493781070736145E-4	0.2658582577299518	0.011610168405463462	2.6884905282795684E-4	0.001180991740211612	6.427331907479668E-4	3.397028292262098E-4	5.040168103382539E-4	9.39671808672482E-4	0.009575144415923468	4.914018838613071E-4	2.4286015683730916E-4	3.14427684594975E-4
76	76	4.1181143639336333E-4	7.066264732506825E-4	2.483619980341939E-4	2.953953542470967E-4	0.4521026989488142	0.23384562946077356	1.8208139089049473E-4	0.08131336957018157	0.0011960318044018058	0.00854285822326377	0.044809296906143166	0.04259893456238699	2.407105759523741E-4	0.001057385915966941	5.754629778355764E-4	3.041486024055983E-4	4.512650330363509E-4	0.129656995681354	5.22004093037412E-4	4.3997041925243743E-4	2.1744174886716809E-4	2.815188235112037E-4
77	77	4.2551467618549794E-4	7.30139836772659E-4	2.5662637272986247E-4	3.0522478833999543E-4	0.3423634505152896	0.2749024846930017	1.8814024390077032E-4	0.034105833866618605	0.01787359051144485	5.082462118344974E-4	0.07125698976263595	0.22703179766381149	2.487203455975946E-4	0.0010925709824289624	0.025551251997578024	3.14269305384875E-4	4.662811117826339E-4	8.693186549959572E-4	5.393740508074403E-4	4.5461066384900375E-4	2.2467723618545068E-4	2.9088650882455846E-4
78	78	4.220040749001978E-4	0.008974363248520328	2.5450914170501614E-4	3.0270660837060533E-4	0.23228565320354352	0.24788372948798984	1.8658804037168032E-4	0.02557420505876541	0.009475881724627865	5.040530549250578E-4	0.14492132719242015	0.24990947093817362	2.466683412513225E-4	0.0010835570016902	5.897061133796359E-4	3.116765059136446E-4	0.05821416489880034	8.621465611567455E-4	0.008785171327455387	4.508600134716153E-4	2.2282359343638958E-4	0.008538733869131397
79	79	0.0237983499166725	6.84580305154667E-4	2.4061330680255134E-4	2.8617926076484305E-4	0.0012089134723204664	0.3201473836986188	1.7640060039836715E-4	7.785034021436261E-4	0.0011587165902028204	4.7653247948954073E-4	0.43340106115911264	0.0022709048736615106	2.3320060283245662E-4	0.001024396340104424	5.575090035328107E-4	2.9465941473908526E-4	0.16423289255529017	8.15074592757876E-4	0.047304491312864176	4.262437019735158E-4	2.1065774412338243E-4	2.72735666439874E-4
80	80	4.401612714895455E-4	7.552719022526062E-4	2.654596817461686E-4	3.1573089823884795E-4	0.0013337491175589619	0.25854920376967433	1.9461619917808748E-4	0.1385424673023153	0.0012783687708579582	5.257405005069519E-4	0.2974455260329793	0.1746098715377505	2.5728152209685766E-4	0.0011301782517340675	6.150788774533156E-4	3.25086735640676E-4	0.12095545778252584	8.992413797398486E-4	5.57939787506584E-4	4.702587690424379E-4	2.3241082737892018E-4	3.0089908233284153E-4
81	81	4.401612714895455E-4	7.552719022526062E-4	2.654596817461686E-4	3.1573089823884795E-4	0.2250695561401266	0.08644473682923765	1.9461619917808748E-4	0.26762081750764277	0.04430448550596713	0.017736187194550616	0.15976195248063	0.045531521332423046	2.5728152209685766E-4	0.0011301782517340675	0.06945686565362798	3.25086735640676E-4	0.060718894353373014	0.009504464726761681	5.57939787506584E-4	4.702587690424379E-4	2.3241082737892018E-4	0.008906122429354674
82	82	0.029000991404040125	8.34238828098616E-4	2.932146332292492E-4	3.4874192162547246E-4	0.14404724521662118	0.3806309996528337	2.1496415985700637E-4	0.15302767813745385	0.10596632877853364	5.807089310734197E-4	0.014881831946053867	0.0027673554238443884	2.8418141181389364E-4	0.001248343248910949	6.793880195787406E-4	0.019368948871040157	0.10508706175122784	9.932609336776967E-4	6.162747920197469E-4	5.194263459543485E-4	2.5671037899298614E-4	0.03835210521351911
83	83	4.18550926273431E-4	7.181907513270007E-4	2.5242656017215745E-4	3.0022963961324106E-4	0.0421819549892871	0.4013273770731554	1.8506123939106666E-4	0.09900957678391005	0.00939834307059344	4.999285210213421E-4	0.38921760311203385	0.026930611098151126	2.4464991893144254E-4	0.001074690539030343	5.848807029707567E-4	3.091261388380525E-4	0.02500686311158418	8.550918420419261E-4	5.305469381152235E-4	4.4717074427024146E-4	2.2100028643190608E-4	2.861260128566934E-4
84	84	4.4398183433602743E-4	7.618275988930059E-4	2.677638494751607E-4	3.184714159023298E-4	0.15758381327304186	0.2955130529806202	1.963054514318969E-4	0.11370525638820064	0.001289464904358106	0.017890135808894706	0.09170934510206773	0.15876563862389806	0.034979178554137895	0.0011399881039817787	6.20417710419927E-4	3.2790846118656465E-4	0.1220053409912854	9.070467193460043E-4	5.627826579742833E-4	4.743405756383609E-4	2.3442813382934725E-4	3.0351086108068776E-4
