0	0	4.498612850961012E-4	6.426780223491315E-4	2.4534499995317586E-4	6.551097768386532E-4	0.041992276690493546	0.008751390296890515	2.228045239588672E-4	0.0010815847226678624	0.24061981448053282	2.6673886172575106E-4	0.06680311466462627	4.994628181644708E-4	4.521621232369739E-4	0.46461533815885997	2.394903542644535E-4	0.009133491103967712	0.0011388624997850471	0.16140322792573	4.829678461468094E-4	3.042788447119047E-4
1	1	0.042444351961642	6.534716545812494E-4	0.00864685258538793	6.661121975796256E-4	7.105921353999546E-4	5.009808487919243E-4	2.265464756168277E-4	0.0010997496938017473	0.0011367448434708711	2.712186806636351E-4	0.252667573462092	5.078511833884428E-4	4.597560839728246E-4	0.455623673683533	2.435125406737872E-4	8.894989526238979E-4	0.026350150652969213	0.20610089404258444	4.910791820412472E-4	3.093891391853788E-4
2	2	4.5360748613539374E-4	6.480298967046686E-4	2.473881001804236E-4	6.605651761098293E-4	0.009032132891005682	0.033806641679314305	2.246599193148723E-4	0.0010905915742160585	0.03443711137591401	2.689601184422592E-4	0.4254401166300157	5.036220738961483E-4	4.5592748440966783E-4	0.11040370113644687	2.4148470017455858E-4	8.820916872930806E-4	0.1427151354218871	0.17940222292050012	4.869897406887981E-4	0.058599019987350474
3	3	4.993488604221769E-4	7.133766534496536E-4	2.723344955339416E-4	7.27175979248638E-4	7.757334782089386E-4	5.4690672326494E-4	2.4731442518330675E-4	0.001200565855758976	0.001240952421694633	2.9608181687519207E-4	0.4133379686794883	5.544068746000188E-4	5.019028052530045E-4	0.09403513696886341	2.6583580193728195E-4	9.71041026219312E-4	0.01959852782302526	0.4633415405247467	5.360973517479793E-4	3.3775143447831445E-4
4	4	4.286221546543603E-4	6.123355083321779E-4	0.00810253181791009	6.241803271062461E-4	6.658602456533608E-4	4.6944402340797604E-4	2.1228533836955505E-4	0.0010305202728705667	0.2843409137179192	2.5414542089017335E-4	6.990029295795156E-4	4.7588186933148E-4	0.04764343555520053	0.4662859407943375	2.281833868896663E-4	8.33504849823861E-4	0.0010850938159940547	0.18525803926067033	4.601656681792446E-4	2.8991304288008494E-4
5	5	5.183563483482638E-4	7.405310122595097E-4	2.8270078460756033E-4	7.548556031372821E-4	8.052614212755389E-4	5.677244796734864E-4	2.567283366251883E-4	0.0012462648506230433	0.06790114511880405	3.0735203696667494E-4	0.038909889209661756	5.755101208679489E-4	5.21007507930908E-4	0.23084045462616568	2.7595472118618653E-4	0.001008003262532406	0.0013122636381862518	0.6522688854771492	5.565036543315915E-4	3.50607789667425E-4
6	6	4.6523003717398076E-4	6.646340330542442E-4	2.5372679808239744E-4	6.774904974687413E-4	7.227302263173803E-4	5.095384316690594E-4	2.3041626474207844E-4	0.0011185352405377288	0.1548910727148272	0.008816679899847387	0.12033030053701388	5.165261229626355E-4	4.676094795693868E-4	0.23280411528688982	2.4767213829805324E-4	0.009445521423163577	0.08658605336418082	0.38043800585790494	4.994676280460945E-4	3.146740182506143E-4
7	7	0.024419231390630573	6.22126245248816E-4	2.3749927382536468E-4	6.341604528511723E-4	6.76506798727176E-4	4.7695004399266223E-4	0.08815611798998876	0.0010469974373362022	0.14498475356102053	2.582089953859286E-4	0.1526073002537151	0.08042934390311926	0.016426873344045637	0.034039274331672253	0.008226417157732886	8.468319010765225E-4	0.03308078479710627	0.4040739649672408	0.00846210864329777	2.945485119863468E-4
8	8	0.14717441505111545	7.133766534496536E-4	0.03694110104320726	7.27175979248638E-4	0.009942925115127267	5.4690672326494E-4	2.4731442518330675E-4	0.010367757492677305	0.001240952421694633	2.9608181687519207E-4	8.14345018163525E-4	5.544068746000188E-4	5.019028052530045E-4	0.08486794533194508	2.6583580193728195E-4	9.71041026219312E-4	0.0012641445491885998	0.6925213314477049	5.360973517479793E-4	0.009504943071396642
9	9	4.389849702078441E-4	6.271399692327397E-4	0.10500659243552823	6.392711606800056E-4	6.819587763409952E-4	4.8079379097000296E-4	2.1741776977176886E-4	0.0010554352041122683	0.13809417390708378	2.602899052380978E-4	7.159027523066412E-4	4.873872849605576E-4	4.41230180889862E-4	0.25190696939707385	2.337001860682194E-4	0.049207739216475324	0.0011113281740440717	0.4476254715239488	4.7129111256331407E-4	2.969222825035902E-4
10	10	4.6129023644278364E-4	6.590055795147614E-4	0.017188578806408984	6.717531689559044E-4	7.16609785145095E-4	5.0522340528371E-4	2.2846498452417827E-4	0.0011090629244652128	0.018083372061376307	2.735154961549214E-4	7.522784885441829E-4	5.121519213111425E-4	4.6364952852943875E-4	0.34092311806554965	2.455747267089582E-4	8.970316748127624E-4	0.0011677958722085574	0.6143342761865809	4.952378862647199E-4	3.120092012178979E-4
11	11	4.8598354748560703E-4	6.942827834707843E-4	2.650453314950837E-4	7.077127636634502E-4	7.549705977592452E-4	5.322685012063775E-4	2.406949353871186E-4	0.0011684321319539123	0.0012077377319858781	2.881570443343687E-4	0.17030726803003765	0.027305049909818236	4.884691347520299E-4	0.21642382388079043	2.587205785649248E-4	0.009866877979255858	0.0012303091110088067	0.5669237362047646	5.217484477282118E-4	3.2871135453748604E-4
12	12	0.03617329288407541	6.942827834707843E-4	2.650453314950837E-4	7.077127636634502E-4	7.549705977592452E-4	5.322685012063775E-4	2.406949353871186E-4	0.0011684321319539123	0.01905139240028078	2.881570443343687E-4	0.22383823203492237	5.395679073758817E-4	4.884691347520299E-4	0.037987277197841396	2.587205785649248E-4	9.450506451084058E-4	0.0012303091110088067	0.673985664214534	5.217484477282118E-4	3.2871135453748604E-4
13	13	0.11902029509307194	6.590055795147614E-4	2.5157811260481834E-4	6.717531689559044E-4	7.16609785145095E-4	5.0522340528371E-4	2.2846498452417827E-4	0.0011090629244652128	0.009614871714474225	0.008742015843057005	0.20399628681419416	0.09366565573723405	4.6364952852943875E-4	0.002183104189466357	2.455747267089582E-4	8.970316748127624E-4	0.0011677958722085574	0.5550547737582663	4.952378862647199E-4	3.120092012178979E-4
14	14	0.046335307045013825	7.133766534496536E-4	2.723344955339416E-4	7.27175979248638E-4	7.757334782089386E-4	5.4690672326494E-4	2.4731442518330675E-4	0.001200565855758976	0.001240952421694633	2.9608181687519207E-4	0.1841581777565301	5.544068746000188E-4	5.019028052530045E-4	0.08486794533194508	2.6583580193728195E-4	0.0926429573954026	0.010431336186106928	0.5733478401677666	5.360973517479793E-4	3.3775143447831445E-4
15	15	0.009492501339553719	7.005328162997144E-4	2.6743130744384295E-4	7.140836950932017E-4	7.617669509646115E-4	5.370600583147287E-4	2.4286170559047334E-4	0.001178950524973226	0.11824646764308722	2.9075107522474154E-4	0.08181896940626374	5.444251747816467E-4	4.928664037046854E-4	0.011322815399328277	0.018265335415638444	9.535581260622061E-4	0.010243527428162931	0.7430679797665772	5.264453018118502E-4	3.3167046112346667E-4
16	16	0.009324618247670502	6.881432878752091E-4	2.627015535935101E-4	7.014545076633186E-4	7.482944439353522E-4	5.275616869274989E-4	0.017924430925898304	0.07190155752384947	0.1426839733051663	2.8560889112267486E-4	0.09805779464427455	5.347965449430017E-4	4.8414963530197527E-4	0.2056670704557171	2.564327300248193E-4	9.366936263094762E-4	0.0012194295709308084	0.43810941695516226	5.171346615691887E-4	0.009168736802064672
17	17	0.01682825074128562	6.374138227968599E-4	2.43335369945626E-4	6.497437483236008E-4	0.008884167819018015	4.886701905702505E-4	0.016603053810512507	0.07479205971211372	0.03387296005913494	2.645539938017825E-4	7.276307243769709E-4	4.953716996691672E-4	4.484584464907272E-4	0.20688750522301516	0.008428565823219747	8.67641195744178E-4	0.001129534034748148	0.5450599138278346	0.04962523469863525	0.03306593505876312
18	18	4.498612850961012E-4	6.426780223491315E-4	2.4534499995317586E-4	6.551097768386532E-4	6.988550231277208E-4	4.927059634173484E-4	2.228045239588672E-4	0.017598953389614192	0.04241139047717684	2.6673886172575106E-4	0.21545943266714324	0.017016831485110802	4.521621232369739E-4	0.07645717448562118	2.394903542644535E-4	0.042168228437860375	0.0011388624997850471	0.5000092855981297	0.08306981118087847	3.042788447119047E-4
19	19	4.8598354748560703E-4	6.942827834707843E-4	2.650453314950837E-4	7.077127636634502E-4	7.549705977592452E-4	5.322685012063775E-4	2.406949353871186E-4	0.0011684321319539123	0.13503514774419764	2.881570443343687E-4	0.15246361336174274	0.13436697791958765	4.884691347520299E-4	0.0558309318661363	2.587205785649248E-4	0.045554187315845665	0.0012303091110088067	0.4687836355291426	5.217484477282118E-4	3.2871135453748604E-4
20	20	4.733150422410198E-4	0.009365439612232077	2.5813619189669375E-4	6.892642731651226E-4	7.352902011147365E-4	5.183934506332688E-4	2.3442055620890656E-4	0.0011379737169145826	0.03593327562650565	0.008969900663703761	0.1484892276125232	5.255025775930772E-4	4.757358358009819E-4	0.028307778527000393	2.5197631114395934E-4	0.07043445712378943	0.0011982377013779277	0.691173384760743	5.08147631444208E-4	3.2014258396807316E-4
21	21	5.086751047546069E-4	0.010065105797755752	2.774208354594023E-4	0.07544800165416783	7.902217058350229E-4	5.571211968173682E-4	2.519334699814544E-4	0.001222988597444047	0.1413402126053822	3.016116810351568E-4	8.29554386227105E-4	5.647614270620535E-4	0.028526493379078584	0.0024073580243763964	2.708007669901279E-4	9.891769760233793E-4	0.11334862125791205	0.5373641217489284	5.4610994071062E-4	0.08438970944405835
22	22	0.056016008163502155	7.199768189228582E-4	0.018778867244121714	0.009985910370199677	0.010034917123458605	5.519667078530277E-4	0.01875361568791621	0.0012116734989249967	0.047512466491758894	2.98821167785449E-4	8.218793436088116E-4	0.03756756246673782	0.019010559521346893	0.002385085132156981	0.028024314978594405	9.800251041581203E-4	0.0012758404228429276	0.7359365695611617	5.41057327959947E-4	0.00959288286698884
23	23	4.816860279152756E-4	6.881432878752091E-4	2.627015535935101E-4	7.014545076633186E-4	7.482944439353522E-4	5.275616869274989E-4	2.3856648638785193E-4	0.010001031985562887	0.32838554992002605	0.009128541110877901	0.05384313354549842	0.03590652542396391	4.8414963530197527E-4	0.00227962940134693	0.04447109382880095	9.366936263094762E-4	0.0012194295709308084	0.5088528747132041	5.171346615691887E-4	3.258045823094471E-4
24	24	4.6129023644278364E-4	6.590055795147614E-4	2.5157811260481834E-4	6.717531689559044E-4	0.017653610478949262	0.008973723752185792	2.2846498452417827E-4	0.0011090629244652128	0.14511087726490757	2.735154961549214E-4	0.11084278299827126	5.121519213111425E-4	4.6364952852943875E-4	0.069931106964683	2.455747267089582E-4	8.970316748127624E-4	0.0011677958722085574	0.5465862734113642	4.952378862647199E-4	0.0934655130171408
25	25	4.461764546005272E-4	6.374138227968599E-4	2.43335369945626E-4	6.497437483236008E-4	0.008884167819018015	4.886701905702505E-4	2.2097952382741536E-4	0.0010727254220308181	0.001108811485764752	2.645539938017825E-4	0.19731252216459805	4.953716996691672E-4	4.484584464907272E-4	0.28060683951309806	2.375286798772011E-4	8.67641195744178E-4	0.001129534034748148	0.4385764309643815	4.7901183857998074E-4	0.0658300836321333
26	26	0.00900605839196141	0.009205462387841675	2.5372679808239744E-4	6.774904974687413E-4	0.12883515554812885	5.095384316690594E-4	0.008771244619529509	0.0011185352405377288	0.3427892965201506	2.758515450599551E-4	0.07762615876307671	5.165261229626355E-4	4.676094795693868E-4	0.0022017497076292063	2.4767213829805324E-4	9.046930683761457E-4	0.00117776981630652	0.4146013192770547	4.994676280460945E-4	3.146740182506143E-4
27	27	0.025435982031828366	6.480298967046686E-4	2.473881001804236E-4	6.605651761098293E-4	0.025687049254800996	4.968089517236779E-4	2.246599193148723E-4	0.0010905915742160585	0.12603915137678823	0.1834730401201907	0.15063399662739302	5.036220738961483E-4	0.017110843848204983	0.0854213265907539	2.4148470017455858E-4	8.820916872930806E-4	0.02613072087531991	0.30431409564896494	0.05045173883207473	3.0681271406687925E-4
28	28	4.774638474746735E-4	0.07957089324999714	2.603988640882762E-4	6.953059641503455E-4	7.417353286986719E-4	5.22937387058564E-4	2.3647535088830383E-4	0.001147948534723334	0.07130992669873189	2.831054091782654E-4	0.17608705869723584	5.301088285034518E-4	4.7990586030741345E-4	0.2564568333793815	2.541849893923436E-4	0.0710518447372512	0.0012087407583336088	0.3378495815874047	5.12601758958987E-4	3.2294876824143465E-4
29	29	8.000524655418236E-4	0.04520575363884926	4.3633199527041966E-4	0.0011650751232090426	0.13343123656357375	8.762492658931531E-4	3.9624505293689454E-4	0.0019235363271545777	0.17823939404583614	4.7437975004654655E-4	0.045367524287655316	8.882659440978324E-4	8.041443740665251E-4	0.01847392768815963	4.259198440733334E-4	0.0015557936119293494	0.002025401564999104	0.5073603118493156	8.589305834678233E-4	0.059291526023923895
30	30	3.8608946480930774E-4	5.515727223347831E-4	2.105651738964951E-4	5.622421655532071E-4	5.997861358552737E-4	4.228605306267264E-4	1.9122000995038983E-4	0.008016203217598645	9.594868323937339E-4	2.28926266339054E-4	6.296400315544164E-4	4.286595413874623E-4	3.880641387718218E-4	0.24990520339353176	2.0554047607186665E-4	0.06454227951775451	0.6459802048888555	0.025115807990659718	4.1450287770171537E-4	2.6114462435352146E-4
31	31	4.816860279152756E-4	0.04490280438665134	2.627015535935101E-4	7.014545076633186E-4	7.482944439353522E-4	5.275616869274989E-4	0.02676736314565353	0.0011580997658076598	0.027725854448348363	0.0798719988689197	7.855402269670635E-4	5.347965449430017E-4	4.8414963530197527E-4	0.3383110537520455	2.564327300248193E-4	0.08052308360410651	0.1427063450870144	0.11092092482421888	5.171346615691887E-4	0.14181272009839305
32	32	4.461764546005272E-4	0.1316940081162776	2.43335369945626E-4	6.497437483236008E-4	6.931306756754702E-4	4.886701905702505E-4	2.2097952382741536E-4	0.0010727254220308181	0.001108811485764752	0.32790603972750365	7.276307243769709E-4	0.01687744598635426	0.01683053273317582	0.2150785423663577	2.375286798772011E-4	8.67641195744178E-4	0.27143375976505213	0.012642499510569142	4.7901183857998074E-4	3.0178648539293615E-4
33	33	0.07477802028635458	6.426780223491315E-4	2.4534499995317586E-4	6.551097768386532E-4	0.06676832969091305	4.927059634173484E-4	2.228045239588672E-4	0.0010815847226678624	0.058928759144123176	2.6673886172575106E-4	7.336399968409367E-4	4.994628181644708E-4	4.521621232369739E-4	0.12600928048646018	2.394903542644535E-4	0.09172033443869936	0.4884012381747018	0.062299015924052015	0.025259020846566307	3.042788447119047E-4
34	34	4.1239687351308683E-4	0.008160057615902666	2.2491268812150345E-4	6.005522873976648E-4	6.406544330997953E-4	4.516734504752092E-4	0.03048785645108062	9.915104340940568E-4	0.0010248644573909436	2.445248708090988E-4	6.725425170043719E-4	4.5786759490330797E-4	4.145060980389379E-4	0.1609406483634578	2.1954561685410114E-4	0.05379826530549494	0.7202796860333474	0.01925625005915165	4.427463228264804E-4	2.789385270363002E-4
35	35	0.06651933595288143	6.426780223491315E-4	2.4534499995317586E-4	6.551097768386532E-4	0.13283780435869838	0.03352744329731001	0.2810180718620465	0.0010815847226678624	0.03415270614370368	2.6673886172575106E-4	7.336399968409367E-4	4.994628181644708E-4	4.521621232369739E-4	0.15078533348687967	0.016756859021210786	0.017392175437440874	0.2241233395035605	0.03752296292363252	4.829678461468094E-4	3.042788447119047E-4
36	36	0.08303670461982775	6.426780223491315E-4	2.4534499995317586E-4	6.551097768386532E-4	0.033733592357020385	4.927059634173484E-4	2.228045239588672E-4	0.0010815847226678624	0.05067007481065001	2.6673886172575106E-4	7.336399968409367E-4	4.994628181644708E-4	4.521621232369739E-4	0.17556138648729916	0.03327422768815711	8.748067704945463E-4	0.6122815031767993	0.004488225589739856	4.829678461468094E-4	3.042788447119047E-4
37	37	0.049592399314655804	0.07435674811287978	2.43335369945626E-4	6.497437483236008E-4	0.008884167819018015	4.886701905702505E-4	2.2097952382741536E-4	0.009263762565373364	0.009299848629107297	2.645539938017825E-4	7.276307243769709E-4	4.953716996691672E-4	4.484584464907272E-4	0.06763987378619189	2.375286798772011E-4	0.033631789769114365	0.6727945797888368	0.06997975951396695	4.7901183857998074E-4	3.0178648539293615E-4
38	38	4.286221546543603E-4	6.123355083321779E-4	2.3376161940927946E-4	6.241803271062461E-4	6.658602456533608E-4	4.6944402340797604E-4	2.1228533836955505E-4	0.0010305202728705667	0.0010651865718900465	2.5414542089017335E-4	6.990029295795156E-4	4.7588186933148E-4	4.308143641956662E-4	0.1436663626558043	2.281833868896663E-4	0.09525874723183358	0.6935368712840654	0.05935771608465737	4.601656681792446E-4	2.8991304288008494E-4
39	39	4.092981176705875E-4	5.847289231825365E-4	2.2322269105525113E-4	5.960397291586878E-4	6.358405467803393E-4	4.482795698872239E-4	2.027146484618576E-4	9.840602109040149E-4	0.001017163611606017	0.007756701413847281	0.023209530742132653	4.544271714279522E-4	4.1139149345401977E-4	0.13718929637460933	2.1789594803598827E-4	0.01582395486026426	0.7374095361750082	0.05668162786001306	4.3941952079979107E-4	0.015304870391700904
40	40	0.08244396598029931	5.803680297363155E-4	2.21557901899325E-4	5.915944800089992E-4	6.310984641445016E-4	4.4493631224955493E-4	0.06732297404215536	9.7672111486433E-4	0.09050527261043072	2.4087755026697285E-4	6.625109070106457E-4	4.510380651342547E-4	4.083233461527537E-4	0.05412842169179348	2.1627088559410251E-4	7.899910439384812E-4	0.6274983104556034	0.07117484688338699	4.3614234118300794E-4	2.747778941473695E-4
41	41	4.0323824215240283E-4	5.760717016283926E-4	2.1991776082902004E-4	5.872150451284985E-4	0.03764025133444116	4.416425533127957E-4	1.9971335067338333E-4	9.694906780304817E-4	0.0010021039653436798	2.3909439038090916E-4	6.576064944900446E-4	4.476991363551145E-4	4.0530062439808666E-4	0.009311132016297333	2.1466988306278545E-4	0.052603497567369324	0.837533271472086	0.055842426324089575	4.329136819470207E-4	2.727437779838765E-4
42	42	0.06907346117011096	5.936503166521652E-4	2.2662847000563084E-4	0.031119764033853626	0.09981809036715458	4.551191125689725E-4	2.0580752974288353E-4	0.00862773191236082	0.0010326827974070814	2.4639026731943794E-4	0.015934988282924587	4.613605100039433E-4	4.17668223127636E-4	0.0019666001831359936	2.2122045518929698E-4	0.008436728342119405	0.6723738500305778	0.027031806981891195	0.05384672697563419	0.00790972403821966
43	43	0.007864220164311486	5.803680297363155E-4	2.21557901899325E-4	5.915944800089992E-4	6.310984641445016E-4	4.4493631224955493E-4	2.0120280776631135E-4	0.09047241609404971	0.04575742512083803	2.4087755026697285E-4	0.03049440923340577	4.510380651342547E-4	4.083233461527537E-4	0.0019225996206020063	2.1627088559410251E-4	0.045537838533531175	0.7244519800163876	0.041342948556991874	0.00789411692278179	2.747778941473695E-4
44	44	0.007983298640995194	5.891558484205571E-4	2.2491268812150345E-4	6.005522873976648E-4	6.406544330997953E-4	0.008022575217957318	0.022916954683598514	9.915104340940568E-4	0.00859576622487305	2.445248708090988E-4	6.725425170043719E-4	4.5786759490330797E-4	4.145060980389379E-4	0.04737712185122621	2.1954561685410114E-4	0.05379826530549494	0.7429923913357936	0.10253616950145483	4.427463228264804E-4	2.789385270363002E-4
45	45	0.06288396427858194	6.07554799234009E-4	2.3193656388741942E-4	6.193071415272775E-4	6.606616509431272E-4	4.6577891615345765E-4	2.1062795539120158E-4	0.0010224746547783244	0.0010568703023512247	2.5216122217986683E-4	6.935455787977696E-4	4.721664996503012E-4	0.07850081150309011	0.0020126619087425294	2.264018825037364E-4	0.008634333462491102	0.8364615810940768	0.004242937991132979	4.5657300016212866E-4	2.876495943246523E-4
46	46	4.3202163361001845E-4	6.171920507478542E-4	2.3561562461454756E-4	6.291308128977344E-4	6.71141302332135E-4	4.7316726790456955E-4	2.139690113494644E-4	0.0010386935134344558	0.0010736347570705581	2.561610936700597E-4	7.045468468111508E-4	4.7965617353532165E-4	4.3423122995721184E-4	0.04170048158202956	2.2999315013531033E-4	8.40115525836864E-4	0.9052480856033318	0.04396613510128399	4.6381532438134445E-4	2.9221239506601297E-4
47	47	3.916413273888556E-4	5.59504189614115E-4	2.1359304441891227E-4	5.703270565541064E-4	6.084108990433373E-4	4.289411512349934E-4	1.939697022224353E-4	9.416086480494964E-4	9.732839947767236E-4	2.322181644285062E-4	6.386940857268057E-4	4.348235502095383E-4	3.9364439663142395E-4	0.0018534834580155378	2.084960927920728E-4	7.615913975172418E-4	0.9788131699891732	0.003907370306851018	0.007610328731592646	2.6489981375894713E-4
48	48	3.888455800017821E-4	5.555101464251611E-4	2.1206830186987493E-4	5.662557538936614E-4	6.040677333396357E-4	4.258791375533197E-4	1.9258504169190514E-4	9.348869367965457E-4	0.1365986013032143	2.305604657102415E-4	6.341347422754517E-4	4.317195447858989E-4	3.908343502538982E-4	0.10177981607571027	2.0700773503747936E-4	0.19349674204437103	0.5506519968112619	0.011018017656850364	4.1746182318633837E-4	2.6300881577083767E-4
49	49	3.888455800017821E-4	5.555101464251611E-4	2.1206830186987493E-4	5.662557538936614E-4	6.040677333396357E-4	4.258791375533197E-4	1.9258504169190514E-4	9.348869367965457E-4	9.663361677855855E-4	2.305604657102415E-4	0.24334450393198995	4.317195447858989E-4	3.908343502538982E-4	0.10177981607571027	2.0700773503747936E-4	0.09355717826037092	0.5078207551895476	0.04671071900827897	4.1746182318633837E-4	2.6300881577083767E-4
50	50	3.678389166461288E-4	5.254997380863301E-4	2.0061170404570754E-4	5.35664833983523E-4	5.714340911667708E-4	4.028718047382275E-4	1.8218099096786765E-4	8.843813989509234E-4	9.141316433957984E-4	0.006970998696635622	0.16942222262812123	4.0839669477090915E-4	3.6972024726326756E-4	0.0017408360648850066	1.9582452497777218E-4	0.014221092552254188	0.7977726882028172	0.0036698957951908657	3.949092202135272E-4	2.4880025088901055E-4
51	51	4.6523003717398076E-4	6.646340330542442E-4	2.5372679808239744E-4	6.774904974687413E-4	7.227302263173803E-4	5.095384316690594E-4	2.3041626474207844E-4	0.0011185352405377288	0.0011561623286534199	2.758515450599551E-4	0.09470781547265159	0.009057354477750065	4.676094795693868E-4	0.0022017497076292063	2.4767213829805324E-4	9.046930683761457E-4	0.8808830903594119	0.004641558247257986	4.994676280460945E-4	3.146740182506143E-4
52	52	0.008567040649772262	6.322351611088898E-4	2.4135839437246364E-4	6.44464912289457E-4	6.874993430207635E-4	0.008609189145845119	2.191841780835004E-4	0.009188499226914136	0.0010998029588782225	2.62404627749303E-4	7.217190964508821E-4	4.91347057669524E-4	4.4481495070756744E-4	0.01834339945982602	2.355988806945025E-4	8.605920542624488E-4	0.8704406962979471	0.07753569886794712	4.751201120942675E-4	2.9933462436646197E-4
53	53	4.3202163361001845E-4	6.171920507478542E-4	2.3561562461454756E-4	6.291308128977344E-4	0.00860232012438691	0.008404346089959346	2.139690113494644E-4	0.0010386935134344558	0.0010736347570705581	2.561610936700597E-4	7.045468468111508E-4	4.7965617353532165E-4	4.3423122995721184E-4	0.01790694511586523	2.2999315013531033E-4	8.40115525836864E-4	0.8893857279592223	0.0677596715674483	4.6381532438134445E-4	2.9221239506601297E-4
54	54	4.219812083413133E-4	0.016096555709601355	2.3013978524207498E-4	6.145094596604993E-4	6.555436017389974E-4	4.621705949988749E-4	2.0899625142001068E-4	0.008761407467418289	0.0010486828826605321	2.5020776606409607E-4	6.88172782613026E-4	4.685086948203974E-4	4.24139452429101E-4	0.001997070111238441	2.2464798022575857E-4	8.205907694403861E-4	0.8532221968603745	0.11266602141084046	4.5303599589258906E-4	2.8542121497918864E-4
55	55	4.187373116183713E-4	5.982138855474034E-4	2.2837063135463102E-4	6.097855402465399E-4	6.50504240508232E-4	0.01583322049956968	2.0738963424918119E-4	0.039443261386192564	0.0010406213412951254	2.482843435600933E-4	0.008370183965645797	0.008152208501897207	4.2087896463341624E-4	0.009669019406037645	2.2292104349856562E-4	8.142826408904744E-4	0.8466632206936016	0.06567611550191389	4.495533716586159E-4	2.8322709608093617E-4
56	56	4.903584408265029E-4	7.005328162997144E-4	2.6743130744384295E-4	7.140836950932017E-4	0.036770338545873485	0.06355206034940525	0.10826857649031708	0.001178950524973226	0.0012186099596333997	2.9075107522474154E-4	0.19884682708971754	5.444251747816467E-4	4.928664037046854E-4	0.0023206725006010604	2.6104961818400763E-4	0.009955701024789423	0.3523249575797972	0.22094369164039868	5.264453018118502E-4	3.3167046112346667E-4
57	57	4.6923771596361853E-4	6.703594581220732E-4	2.559125028430238E-4	6.833266732956069E-4	0.017957761091006812	5.139278008024666E-4	2.3240116318630561E-4	0.02697137821674126	0.0011661219762936898	2.7822784129598717E-4	7.652393479106722E-4	0.009135378174696217	4.716376558335152E-4	0.1831231687099013	2.498056857823704E-4	9.124864585950741E-4	0.7334121270638096	0.0046815424981705035	0.017732575218853543	3.173847468962831E-4
58	58	4.0323824215240283E-4	0.0449926613942919	2.1991776082902004E-4	5.872150451284985E-4	6.264265905549055E-4	4.416425533127957E-4	1.9971335067338333E-4	9.694906780304817E-4	0.00840486891412093	2.3909439038090916E-4	6.576064944900446E-4	4.476991363551145E-4	0.0596274202146161	0.23139408047961485	2.1466988306278545E-4	7.841429259285655E-4	0.6080475580599912	0.041036896426535074	4.329136819470207E-4	2.727437779838765E-4
59	59	6.183971242899693E-4	0.023588879232128192	3.3726094566585214E-4	9.005398230806273E-4	9.606737697053897E-4	6.77293114549118E-4	3.0627591539806665E-4	0.001486789159976031	0.001536804165944889	3.666697946509151E-4	0.0010084905710737483	6.865813544650577E-4	6.215599474465972E-4	0.298097200612963	3.2921291802357757E-4	0.37584211575115306	0.2853833828429218	0.00616969250258302	6.639067131947241E-4	4.182737407863835E-4
60	60	4.6129023644278364E-4	0.026064506620221008	2.5157811260481834E-4	6.717531689559044E-4	0.1362126153355784	0.008973723752185792	2.2846498452417827E-4	0.0011090629244652128	0.0011463713675721433	2.735154961549214E-4	7.522784885441829E-4	5.121519213111425E-4	4.6364952852943875E-4	0.24776961424962674	2.455747267089582E-4	8.970316748127624E-4	0.018104796566012722	0.05541325329104341	4.952378862647199E-4	0.49995352966844075
61	61	4.425514988357219E-4	6.322351611088898E-4	2.4135839437246364E-4	6.44464912289457E-4	0.09818136915425925	4.846999949085764E-4	2.191841780835004E-4	0.009188499226914136	0.0010998029588782225	0.008386893778685844	7.217190964508821E-4	4.91347057669524E-4	4.4481495070756744E-4	0.24582909568604916	0.06523151208818684	8.605920542624488E-4	0.0011203571477372228	0.16690507952824907	4.751201120942675E-4	0.39839930302025695
62	62	0.047200702821334636	7.267002544397466E-4	2.774208354594023E-4	7.407573076398014E-4	0.1221894937689431	5.571211968173682E-4	2.519334699814544E-4	0.001222988597444047	0.010602534998958127	3.016116810351568E-4	8.29554386227105E-4	5.647614270620535E-4	5.112767491305656E-4	0.13314503563080046	2.708007669901279E-4	9.891769760233793E-4	0.0012877547381199908	0.29456557762271235	5.4610994071062E-4	0.3832186868301705
63	63	4.6129023644278364E-4	6.590055795147614E-4	0.0087200784595069	6.717531689559044E-4	7.16609785145095E-4	5.0522340528371E-4	2.2846498452417827E-4	0.0011090629244652128	0.0011463713675721433	2.735154961549214E-4	0.03462627987615251	5.121519213111425E-4	0.059743151956844015	0.29011211598413716	2.455747267089582E-4	0.009365532021714845	0.00963629621911064	0.27559426231049755	4.952378862647199E-4	0.3051780216896929
64	64	4.5360748613539374E-4	6.480298967046686E-4	0.041884679009668704	6.605651761098293E-4	7.046747091080261E-4	4.968089517236779E-4	2.246599193148723E-4	0.0010905915742160585	0.03443711137591401	2.689601184422592E-4	7.397493532351971E-4	5.036220738961483E-4	4.5592748440966783E-4	0.618378650232204	2.4148470017455858E-4	0.02586446623298605	0.0011483463296269386	0.10445509928342121	4.869897406887981E-4	0.16685597635202
65	65	5.134700967524469E-4	7.335504459908897E-4	2.8003592448897776E-4	7.477400070667527E-4	7.976706781172941E-4	5.623728626755884E-4	2.543083040577788E-4	0.001234517018008334	0.0012760456877662833	3.044548034594719E-4	8.373741254015846E-4	5.700851130418454E-4	5.160962653558493E-4	0.7188389893190011	2.733534523851661E-4	0.12354213560308035	0.010726327073639895	0.0805343121938625	5.512578096964858E-4	0.05690590321615145
66	66	4.498612850961012E-4	6.426780223491315E-4	2.4534499995317586E-4	6.551097768386532E-4	0.041992276690493546	4.927059634173484E-4	2.228045239588672E-4	0.0010815847226678624	0.0011179688098110125	2.6673886172575106E-4	7.336399968409367E-4	4.994628181644708E-4	0.05000426812407596	0.24988954548855766	0.02501554335468395	0.31470481144247486	0.009397546833258212	0.062299015924052015	0.008741652179619976	0.23154744018196052
67	67	4.498612850961012E-4	6.426780223491315E-4	2.4534499995317586E-4	6.551097768386532E-4	0.1741312260260642	4.927059634173484E-4	2.228045239588672E-4	0.0010815847226678624	0.0011179688098110125	2.6673886172575106E-4	7.336399968409367E-4	4.994628181644708E-4	4.521621232369739E-4	0.0021290154843627007	2.394903542644535E-4	0.1330137561060652	0.0011388624997850471	0.15314454359225682	4.829678461468094E-4	0.5288600761869946
68	68	4.57416603775036E-4	6.534716545812494E-4	2.494655138145398E-4	6.661121975796256E-4	7.105921353999546E-4	5.009808487919243E-4	2.265464756168277E-4	0.0010997496938017473	0.03472629312976444	2.712186806636351E-4	7.459613148902591E-4	5.078511833884428E-4	4.597560839728246E-4	0.0021647718185698345	0.13460170568584806	8.894989526238979E-4	0.0011579894382490366	0.3488564742593321	4.910791820412472E-4	0.47056306514729535
69	69	0.009407810881633057	6.942827834707843E-4	2.650453314950837E-4	0.17914425944661247	7.549705977592452E-4	5.322685012063775E-4	2.406949353871186E-4	0.0011684321319539123	0.0012077377319858781	2.881570443343687E-4	7.925486812360906E-4	5.395679073758817E-4	4.884691347520299E-4	0.0022999678612515935	2.587205785649248E-4	9.450506451084058E-4	0.0012303091110088067	0.3171125708486359	0.018365403116023114	0.46426373273020494
70	70	4.816860279152756E-4	6.881432878752091E-4	2.627015535935101E-4	7.014545076633186E-4	7.482944439353522E-4	5.275616869274989E-4	2.3856648638785193E-4	0.0011580997658076598	0.0011970577890826862	2.8560889112267486E-4	7.855402269670635E-4	5.347965449430017E-4	0.009327081855057201	0.14376654491743054	2.564327300248193E-4	9.366936263094762E-4	0.08080581954872784	0.3408371625378548	5.171346615691887E-4	0.41594361891080506
71	71	5.039688393515478E-4	7.199768189228582E-4	2.7485413607150876E-4	7.33903816174576E-4	7.829105694335044E-4	5.519667078530277E-4	2.4960257986600767E-4	0.0012116734989249967	0.001252433721633385	0.009550827721810552	8.218793436088116E-4	5.595362506374148E-4	5.065464132966889E-4	0.2984492948609602	0.009520301870544201	9.800251041581203E-4	0.0012758404228429276	0.2825882484139317	5.41057327959947E-4	0.388925151582018
72	72	3.653716010146269E-4	0.11455114320246017	0.006906864216967626	0.013947268080769699	5.676011409222342E-4	0.10101414153678125	1.8095899409250728E-4	0.02770884186638398	9.080000156888511E-4	2.1664190316074278E-4	0.04754904000243802	4.056573338624729E-4	3.6724031242202576E-4	0.041974748049825525	1.9451101275912378E-4	7.10506907136379E-4	0.08812374536731869	0.09755165350759255	3.922603278642862E-4	0.4563638046205392
73	73	4.461764546005272E-4	0.06616571096953722	0.024816446799973264	0.32829122948202544	6.931306756754702E-4	4.886701905702505E-4	2.2097952382741536E-4	0.0010727254220308181	0.001108811485764752	2.645539938017825E-4	0.025300742154404608	4.953716996691672E-4	0.08235882987991619	0.059448836642849355	2.375286798772011E-4	8.67641195744178E-4	0.001129534034748148	0.06997975951396695	4.7901183857998074E-4	0.3361343093624373
74	74	4.903584408265029E-4	7.005328162997144E-4	2.6743130744384295E-4	0.07273122688491093	7.617669509646115E-4	5.370600583147287E-4	2.4286170559047334E-4	0.001178950524973226	0.03722718155454227	2.9075107522474154E-4	0.027806112013900427	5.444251747816467E-4	4.928664037046854E-4	0.14635495888023653	2.6104961818400763E-4	9.535581260622061E-4	0.27130567149125223	0.13992440555185373	5.264453018118502E-4	0.2974023861191216
75	75	4.903584408265029E-4	0.3067733913730251	2.6743130744384295E-4	0.17175479877091032	7.617669509646115E-4	5.370600583147287E-4	2.4286170559047334E-4	0.001178950524973226	0.010220752858360617	2.9075107522474154E-4	7.996833177187757E-4	5.444251747816467E-4	4.928664037046854E-4	0.020324958298055494	2.6104961818400763E-4	9.535581260622061E-4	0.05525424192179902	0.22094369164039868	5.264453018118502E-4	0.20738095713184945
76	76	4.389849702078441E-4	0.3632827601100171	2.3941328374607853E-4	6.392711606800056E-4	6.819587763409952E-4	4.8079379097000296E-4	2.1741776977176886E-4	0.033291490327737545	0.0010909396316763412	2.602899052380978E-4	0.1054830819040888	0.0166054148467732	0.0165592577427025	0.1390807764643854	2.337001860682194E-4	8.536565310374092E-4	0.0011113281740440717	0.05273379625953918	4.7129111256331407E-4	0.2662443770524121
77	77	4.5360748613539374E-4	0.1671971935346578	2.473881001804236E-4	6.605651761098293E-4	7.046747091080261E-4	0.0754439325888026	2.246599193148723E-4	0.0010905915742160585	0.0011272786483233796	2.689601184422592E-4	0.03404958208082582	0.0671232875290774	4.5592748440966783E-4	0.2020057411373211	2.4148470017455858E-4	8.820916872930806E-4	0.05111309542101288	0.054490350192035276	0.008814447922586455	0.3334051399899731
78	78	4.498612850961012E-4	6.426780223491315E-4	2.4534499995317586E-4	0.17408748077977512	6.988550231277208E-4	4.927059634173484E-4	2.228045239588672E-4	0.0010815847226678624	0.017635337476757343	2.6673886172575106E-4	7.336399968409367E-4	4.994628181644708E-4	4.521621232369739E-4	0.2416308611550845	2.394903542644535E-4	8.748067704945463E-4	0.23238202383703369	0.07055770025752517	4.829678461468094E-4	0.25632349318238
79	79	0.00823261182258975	6.07554799234009E-4	2.3193656388741942E-4	6.193071415272775E-4	6.606616509431272E-4	4.6577891615345765E-4	2.1062795539120158E-4	0.0010224746547783244	0.0010568703023512247	2.5216122217986683E-4	6.935455787977696E-4	0.03950884682535901	4.274508516727002E-4	0.19719606353728605	2.264018825037364E-4	0.008634333462491102	0.11037932703589476	0.33995838879222784	4.5657300016212866E-4	0.2891590840045691
80	80	4.6923771596361853E-4	6.703594581220732E-4	2.559125028430238E-4	6.833266732956069E-4	7.289561153769878E-4	5.139278008024666E-4	2.3240116318630561E-4	0.009742573241111437	0.0011661219762936898	2.7822784129598717E-4	0.15582448412857908	5.209756868813062E-4	4.716376558335152E-4	0.1745087662220864	2.498056857823704E-4	9.124864585950741E-4	0.027031123062986922	0.3234144345473222	5.037702432237178E-4	0.3018214718204182
81	81	4.6923771596361853E-4	6.703594581220732E-4	2.559125028430238E-4	0.07821294906362981	7.289561153769878E-4	0.08665795267895159	2.3240116318630561E-4	0.02697137821674126	0.0011661219762936898	2.7822784129598717E-4	0.2505829114945431	5.209756868813062E-4	4.716376558335152E-4	0.07113593636830744	0.008864208173597283	0.009526888946409986	0.13040395291676585	0.2286560071813582	5.037702432237178E-4	0.10369021460067522
82	82	5.183563483482638E-4	0.06735348741818711	2.8270078460756033E-4	0.1720453149326654	8.052614212755389E-4	5.677244796734864E-4	2.567283366251883E-4	0.0012462648506230433	0.0012881887128764473	3.0735203696667494E-4	0.21020034853918987	5.755101208679489E-4	5.21007507930908E-4	0.0024531755201281803	2.7595472118618653E-4	0.001008003262532406	0.1821188595971326	0.052752277823800854	5.565036543315915E-4	0.3048669799310507
83	83	4.461764546005272E-4	0.08254778525622232	2.43335369945626E-4	6.497437483236008E-4	6.931306756754702E-4	4.886701905702505E-4	2.2097952382741536E-4	0.01745479970871591	0.001108811485764752	2.645539938017825E-4	0.07444696501445988	0.05783263170306699	4.484584464907272E-4	0.0021115766394515342	2.375286798772011E-4	8.67641195744178E-4	0.001129534034748148	0.31571087381424334	4.7901183857998074E-4	0.44261779222589037
84	84	4.733150422410198E-4	0.018054694841914826	2.5813619189669375E-4	6.892642731651226E-4	0.026803055890162988	5.183934506332688E-4	2.3442055620890656E-4	0.0011379737169145826	0.027244020396822895	2.8064543402101167E-4	0.12242146192347496	5.255025775930772E-4	4.757358358009819E-4	0.10651107559414513	2.5197631114395934E-4	9.20415286327436E-4	0.24449738413249492	0.03947924253453671	5.08147631444208E-4	0.4087151383790573
85	85	4.219812083413133E-4	6.028481610444821E-4	2.3013978524207498E-4	6.145094596604993E-4	6.555436017389974E-4	4.621705949988749E-4	2.0899625142001068E-4	0.001014553693139851	0.00879553665693897	2.5020776606409607E-4	0.2408406397852446	4.685086948203974E-4	4.24139452429101E-4	0.001997070111238441	2.2464798022575857E-4	8.205907694403861E-4	0.4503858005978957	0.15140029028223265	4.5303599589258906E-4	0.13972878915199108
86	86	4.6923771596361853E-4	6.703594581220732E-4	2.559125028430238E-4	6.833266732956069E-4	7.289561153769878E-4	5.139278008024666E-4	2.3240116318630561E-4	0.009742573241111437	0.009780524464108601	0.0088926303291109	0.13859567915294926	5.209756868813062E-4	4.716376558335152E-4	0.23480958363679078	2.498056857823704E-4	9.124864585950741E-4	0.13901835540458077	0.30618562957169243	5.037702432237178E-4	0.14676222703974978
87	87	4.993488604221769E-4	7.133766534496536E-4	2.723344955339416E-4	7.27175979248638E-4	7.757334782089386E-4	0.2022251227354682	2.4731442518330675E-4	0.001200565855758976	0.010408144058612961	2.9608181687519207E-4	0.037483111565836835	5.544068746000188E-4	5.019028052530045E-4	0.3873852693502499	2.6583580193728195E-4	0.019305424300055968	0.01959852782302526	0.2891648994232984	5.360973517479793E-4	0.0278393263452333
88	88	4.6523003717398076E-4	6.646340330542442E-4	2.5372679808239744E-4	6.774904974687413E-4	7.227302263173803E-4	0.20548941894656741	2.3041626474207844E-4	0.00965936359532516	0.0011561623286534199	2.758515450599551E-4	0.06908533040828929	0.009057354477750065	4.676094795693868E-4	0.14739583173901552	2.4767213829805324E-4	0.009445521423163577	0.00117776981630652	0.5341729162440787	4.994676280460945E-4	0.008855502373038044
89	89	4.8598354748560703E-4	6.942827834707843E-4	2.650453314950837E-4	0.17914425944661247	7.549705977592452E-4	0.04514140517194363	2.406949353871186E-4	0.0011684321319539123	0.0012077377319858781	2.881570443343687E-4	0.11677630402515296	5.395679073758817E-4	4.884691347520299E-4	0.0022999678612515935	2.587205785649248E-4	9.450506451084058E-4	0.0012303091110088067	0.4152526715242579	5.217484477282118E-4	0.23229622204237121
90	90	4.6523003717398076E-4	6.646340330542442E-4	2.5372679808239744E-4	6.774904974687413E-4	7.227302263173803E-4	0.12862196375348053	2.3041626474207844E-4	0.0011185352405377288	0.0011561623286534199	2.758515450599551E-4	0.10324864382743901	5.165261229626355E-4	4.676094795693868E-4	0.0022017497076292063	2.4767213829805324E-4	0.009445521423163577	0.18053516526684257	0.3035705506648181	4.994676280460945E-4	0.26508035301666094
91	91	4.8598354748560703E-4	6.942827834707843E-4	2.650453314950837E-4	0.10776964077343286	7.549705977592452E-4	0.04514140517194363	2.406949353871186E-4	0.0011684321319539123	0.0012077377319858781	2.881570443343687E-4	7.925486812360906E-4	5.395679073758817E-4	4.884691347520299E-4	0.13612737787346335	2.587205785649248E-4	0.02771053264755076	0.0012303091110088067	0.48662729019743745	5.217484477282118E-4	0.18768708537163395
92	92	4.733150422410198E-4	6.761843825493276E-4	2.5813619189669375E-4	6.892642731651226E-4	7.352902011147365E-4	5.183934506332688E-4	2.3442055620890656E-4	0.0011379737169145826	0.0011762547077746478	2.8064543402101167E-4	7.718887079164639E-4	5.255025775930772E-4	4.757358358009819E-4	0.0456862889863659	2.5197631114395934E-4	0.026988180975375684	0.21842961844344666	0.18719658143914344	5.08147631444208E-4	0.5129862011352503
93	93	4.733150422410198E-4	6.761843825493276E-4	2.5813619189669375E-4	6.892642731651226E-4	0.04418156634952849	5.183934506332688E-4	2.3442055620890656E-4	0.009827228946597332	0.0011762547077746478	2.8064543402101167E-4	7.718887079164639E-4	5.255025775930772E-4	4.757358358009819E-4	0.036997033756683145	2.5197631114395934E-4	0.009609670516010187	0.10546930045757091	0.1089932843719987	5.08147631444208E-4	0.6780820504992227
