0	0	1.9395676921435862E-4	2.3561326808284566E-4	3.9463315660519347E-4	4.927209849745134E-4	0.26485147334364106	3.9014591341122025E-4	2.574345429268546E-4	0.07595187699166722	5.154286963867787E-4	1.557487853274158E-4	5.773725618383734E-4	3.341057493968334E-4	1.965001212431636E-4	3.450085237290965E-4	0.5136109018295097	0.009335408317461972	2.1276902969916147E-4	3.3632125501085666E-4	3.2725515050907724E-4	0.02520004966864998	0.10380238624478383	7.934790124658605E-4	7.221406353414302E-4	1.7425096014770896E-4	5.930184879755153E-4
1	1	1.9721024592224022E-4	2.3956550075242684E-4	4.012528264851027E-4	0.07598505002832387	9.063713814859998E-4	0.00878380853821762	2.617528108203098E-4	0.026903202385118494	5.240746192130909E-4	1.5836135227929965E-4	5.870575457103981E-4	3.3971011823652356E-4	1.99796260739352E-4	3.5079577828339714E-4	0.3460968498149991	0.0011048844389316289	2.1633806771257432E-4	3.4196278726557274E-4	3.3274460578319997E-4	4.614065853293969E-4	0.1894147742657774	0.03435526191705842	0.3110576283182877	1.7717388695486785E-4	6.029659203120438E-4
2	2	1.9556997740052053E-4	2.3757294834757277E-4	3.979154624579107E-4	0.07535305504702915	0.08407242823645199	0.04198018863306346	2.5957571858023677E-4	0.0017273601364226514	5.197157021755531E-4	1.570442039740178E-4	5.821747770278497E-4	0.04192368236285588	1.9813448340260412E-4	3.478780836677873E-4	0.08538009191489719	0.0010956947177949692	2.1453870621967037E-4	3.3911855981213503E-4	3.2997704925952215E-4	4.575689008617836E-4	0.1712046243903384	8.000786627056669E-4	0.4914523602212607	1.757002680346958E-4	5.979508359581226E-4
3	3	2.1526475545938654E-4	2.6149761486687987E-4	4.3798734273046383E-4	0.028011716454158245	0.03760916981754574	0.03705282767613705	2.8571616321729183E-4	0.0019013130864958872	5.720534154795378E-4	1.7285926303272652E-4	6.408024006408121E-4	3.708104271524445E-4	2.1808751877280694E-4	3.8291097440310343E-4	0.09397825193546996	0.0012060361136169348	2.3614372075305863E-4	3.7326932702045853E-4	3.632072251590489E-4	0.00965860328688989	0.45393940053353365	8.806501895886089E-4	0.33037985950125826	1.9339407681772728E-4	6.581671798000545E-4
4	4	1.8481005563593384E-4	2.24502095798631E-4	0.023955281291086872	4.694849940787258E-4	0.2916602347440189	3.7174721076103624E-4	2.4529431168417864E-4	0.0016323237705437033	4.91121843498647E-4	1.4840390360275167E-4	5.501445281246318E-4	3.183498177682735E-4	1.8723346695511154E-4	3.2873843343295643E-4	0.41079224527383745	0.0010354114902870982	2.0273515781677959E-4	3.2046084342336083E-4	3.118222829639252E-4	4.323942516614222E-4	0.26396202880109526	7.560597190484938E-4	6.880855539871427E-4	1.6603354329913726E-4	5.650526155896547E-4
5	5	2.234473575952708E-4	2.7143761148811993E-4	4.546360326586798E-4	5.676378430629357E-4	0.22909779258225177	4.49466516592589E-4	2.96576750601461E-4	0.011476536945575285	0.010096749713742064	1.7942995581464745E-4	6.651604572161837E-4	3.849056011940595E-4	2.263774192403117E-4	3.974661121000196E-4	0.2781066138025948	0.0012518797244680264	2.451199700684009E-4	3.8745796828697525E-4	3.770133877610627E-4	5.227927270551795E-4	0.36666199032664715	9.141252938011708E-4	0.0958614552622321	2.0074533495870365E-4	6.831853029930866E-4
6	6	2.005747339351665E-4	2.43652586856006E-4	4.0809836495369836E-4	5.095330308183954E-4	0.26535821784675045	0.017463869845340388	2.6621842157109165E-4	0.001771564349387014	5.330155480475722E-4	1.6106306216745922E-4	5.970729892093091E-4	3.45505712757141E-4	0.017263616699244484	3.5678049872984394E-4	0.29228996319455536	0.0011237342224865868	2.2002888424269308E-4	3.47796813247547E-4	3.3842136579274266E-4	4.692783716971199E-4	0.2864785333978989	8.205531699313159E-4	0.1116394575767143	1.8019654643219664E-4	6.132527672332369E-4
7	7	1.8776157476808227E-4	2.2808751883568917E-4	3.820281356511942E-4	4.76982929932442E-4	0.2563918233742542	3.776842199844168E-4	0.040175598947067855	0.01762894774651875	4.989653318430141E-4	1.5077399628662545E-4	5.589306414917819E-4	3.2343404099750096E-4	1.9022368931068042E-4	3.339885686185725E-4	0.0021183990120310307	0.0010519475862950391	2.0597295077667203E-4	0.16801640480721672	3.1680225784046147E-4	0.11223318384532065	0.35601570059099613	7.681344122687284E-4	6.990746620752262E-4	0.04009507234023311	5.740768193855173E-4
8	8	2.1526475545938654E-4	2.6149761486687987E-4	4.3798734273046383E-4	5.468510471167132E-4	0.11084881090298983	4.33007133415006E-4	2.8571616321729183E-4	0.0019013130864958872	5.720534154795378E-4	1.7285926303272652E-4	6.408024006408121E-4	3.708104271524445E-4	2.1808751877280694E-4	3.8291097440310343E-4	0.020738610850025877	0.0012060361136169348	2.3614372075305863E-4	0.24755705799039426	3.632072251590489E-4	5.036481512093786E-4	0.5729538172973803	8.806501895886089E-4	0.0374212951594819	1.9339407681772728E-4	6.581671798000545E-4
9	9	1.8927297195914342E-4	2.2992352194607088E-4	0.00843465865486056	0.016579933155596693	0.2826043296387626	3.807244100227547E-4	2.512178421102629E-4	0.0016717422122256506	5.029817809056932E-4	1.5198765991697227E-4	0.00861298514721569	3.2603754121665374E-4	0.008241310268010438	3.3667702809213703E-4	0.20337433524669285	0.009109970659210832	2.076309414471431E-4	3.281995453253884E-4	3.1935237515393907E-4	4.4283599606305385E-4	0.45547613303382806	7.743175527461895E-4	7.047019022701786E-4	1.7004303189563312E-4	5.786978825255357E-4
10	10	1.988782614130953E-4	2.415917594007075E-4	4.0464664574229496E-4	5.052233714265476E-4	0.13624294869963044	4.000455424728914E-4	2.6396673100068053E-4	0.0017565803572318131	5.285072721877039E-4	1.5970078161533314E-4	5.92022911864114E-4	3.425834057625791E-4	2.0148614889080007E-4	3.5376282895344184E-4	0.10374050517145358	0.0011142296144377197	2.1816786740943444E-4	0.2117962788426559	3.3555897860824925E-4	4.6530918850456576E-4	0.4785907914653604	8.136128844906937E-4	0.05994686299530242	1.7867243378053452E-4	6.080658404040999E-4
11	11	2.0951057569652956E-4	2.5450759794427104E-4	4.262796300649661E-4	5.322333303339498E-4	0.08115503342580462	0.009331669229679342	2.780787673008188E-4	0.001850489637660419	5.567620214954139E-4	1.682386121925896E-4	6.236732974678908E-4	3.608984011395308E-4	2.1225788454227012E-4	3.7267549217014735E-4	0.18056851337566293	0.010084034596348778	2.2983143142272578E-4	0.2231192086828336	3.5349843813409654E-4	4.901852785105725E-4	0.4328950413517516	8.571097847124238E-4	0.05424147073755597	1.8822451582430714E-4	6.405739037502896E-4
12	12	2.0951057569652956E-4	2.5450759794427104E-4	4.262796300649661E-4	5.322333303339498E-4	0.05442432337260875	4.2143254528072396E-4	2.780787673008188E-4	0.03749143637525489	5.567620214954139E-4	1.682386121925896E-4	6.236732974678908E-4	0.04491208182313263	2.1225788454227012E-4	3.7267549217014735E-4	0.0023637796876905355	0.0011737979119501574	2.2983143142272578E-4	0.24093968205163085	3.5349843813409654E-4	4.901852785105725E-4	0.5041769348269406	8.571097847124238E-4	0.1077028908439477	1.8822451582430714E-4	6.405739037502896E-4
13	13	1.988782614130953E-4	2.415917594007075E-4	4.0464664574229496E-4	0.07662773590870463	9.140375222471773E-4	4.000455424728914E-4	2.6396673100068053E-4	0.0017565803572318131	5.285072721877039E-4	1.5970078161533314E-4	5.92022911864114E-4	3.425834057625791E-4	2.0148614889080007E-4	3.5376282895344184E-4	0.002243821788416145	0.0011142296144377197	2.1816786740943444E-4	0.3894154747629714	3.3555897860824925E-4	4.6530918850456576E-4	0.41938439282525525	8.136128844906937E-4	0.1022371477382347	1.7867243378053452E-4	6.080658404040999E-4
14	14	2.1526475545938654E-4	2.6149761486687987E-4	4.3798734273046383E-4	0.11040631267528285	0.010144304410504202	4.33007133415006E-4	2.8571616321729183E-4	0.0019013130864958872	5.720534154795378E-4	1.7285926303272652E-4	6.408024006408121E-4	0.009525765562832956	2.1808751877280694E-4	3.8291097440310343E-4	0.0024287005786648545	0.0012060361136169348	2.3614372075305863E-4	0.05530300014110352	3.632072251590489E-4	5.036481512093786E-4	0.5088691313476167	0.10158515668207424	0.19305553246605062	1.9339407681772728E-4	6.581671798000545E-4
15	15	2.1139414758521047E-4	2.567957084864229E-4	4.301120300535504E-4	5.370182904053122E-4	0.33361424245048615	4.252213683156805E-4	2.8057879073488905E-4	0.03782849723907013	5.617675029079271E-4	1.6975113498273101E-4	6.292803341863284E-4	3.641430014695922E-4	2.141661556791592E-4	3.760259725853642E-4	0.002385030877306939	0.0011843507575169806	2.3189769476969014E-4	0.1172410136507976	3.56676510260281E-4	4.945922121833868E-4	0.4997193155195871	8.648154954653556E-4	7.870635537135087E-4	1.8991671873859237E-4	6.463328827121647E-4
16	16	2.0766027350961196E-4	2.5225990250695075E-4	4.225149221063086E-4	0.02702216945793369	0.2217430374295676	4.177106445719948E-4	2.756229020082842E-4	0.0018341469541846647	0.018214935999347297	1.6675280523020106E-4	0.0447758929158257	0.062178529774947165	2.1038331937221427E-4	3.693841915955557E-4	0.13481608671219972	0.027658068032741095	2.278016646733859E-4	3.600831468040361E-4	3.503765005852308E-4	4.858561849084592E-4	0.30543027175822496	0.06267035884509675	0.08908861681345685	1.865622024441669E-4	6.349166461581559E-4
17	17	1.9236995720030596E-4	0.03295875156304823	3.9140455759015957E-4	4.886899032973933E-4	0.25450338638579073	3.8695402572850544E-4	2.553284023306632E-4	0.0016990961492653713	0.0086924783143458	1.5447456301110926E-4	5.726489230531916E-4	0.07396277063849803	1.9489250138841728E-4	3.4218591705946873E-4	0.002170392572500163	0.001077766376866486	2.1102830956903898E-4	3.3356972120157424E-4	3.245777889166365E-4	0.06590021373443665	0.41384127740594084	0.09896218507891218	0.041622564997740974	1.728253666087848E-4	5.881668456993187E-4
18	18	1.9395676921435862E-4	2.3561326808284566E-4	0.008643384869952912	4.927209849745134E-4	0.10812519079003441	3.9014591341122025E-4	2.574345429268546E-4	0.0017131115715377666	5.154286963867787E-4	0.041399507352066	5.773725618383734E-4	3.341057493968334E-4	0.008445251834590882	0.091081277370554	0.03518330245534208	0.001086656604114252	2.1276902969916147E-4	0.12406759695522664	3.2725515050907724E-4	4.5379452860682534E-4	0.40900619963864937	7.934790124658605E-4	0.1656971749022958	1.7425096014770896E-4	5.930184879755153E-4
19	19	2.0951057569652956E-4	2.5450759794427104E-4	4.262796300649661E-4	5.322333303339498E-4	0.1613471635853922	4.2143254528072396E-4	2.780787673008188E-4	0.001850489637660419	5.567620214954139E-4	1.682386121925896E-4	6.236732974678908E-4	3.608984011395308E-4	2.1225788454227012E-4	3.7267549217014735E-4	0.0023637796876905355	0.0011737979119501574	2.2983143142272578E-4	3.632915728681231E-4	0.018173971806931335	0.23215633907287467	0.45962575140494744	8.571097847124238E-4	0.11661312752834631	1.8822451582430714E-4	6.405739037502896E-4
20	20	2.0405601356335648E-4	2.4788154815305445E-4	4.151815328898462E-4	5.183767516863056E-4	0.22657261030843073	4.1046064090056214E-4	2.708390472574949E-4	0.0018023125436313707	5.422668437243565E-4	1.63858556625693E-4	6.074360992236978E-4	0.017708023722203432	2.0673179682262826E-4	3.6297296703128587E-4	0.01965876043139102	0.0011432383393785329	2.2384782024375017E-4	3.538333560211719E-4	3.442951834135569E-4	4.774234117192965E-4	0.4476594952352539	0.09629566189558576	0.1830032151213245	1.8332413161631744E-4	6.238967019084302E-4
21	21	2.1927974796902606E-4	2.663749156713639E-4	4.4615642687350883E-4	0.08448842270697485	0.23415050235494972	0.05639533140525191	2.910451742425862E-4	0.0019367752678663107	5.827230217202927E-4	1.7608333306136224E-4	0.009978462285413402	0.14026334675581997	2.2215515981534577E-4	3.9005280628731675E-4	0.011799707296166499	0.038531362445346565	2.405481355305665E-4	3.802313285281697E-4	0.046998521617260265	5.130419024079159E-4	0.32252039295399776	8.970755626473119E-4	8.164232532707008E-4	0.04682554121324268	6.704429296846489E-4
22	22	2.1725370336676974E-4	2.639137332545149E-4	4.4203414550096404E-4	5.519037007361688E-4	0.23198705878204456	4.3700792132870734E-4	2.883560499173876E-4	0.029637508554688947	0.037535509867029124	1.7445640358063945E-4	0.0745630650009474	3.742365459406633E-4	2.20102547722455E-4	3.864488967147603E-4	0.0024511406614516873	0.01045672207072118	0.00947786831564519	3.767181649190887E-4	3.6656309383752773E-4	5.083016298258273E-4	0.5043313066982781	8.887869946498042E-4	0.09320430722465892	1.951809496551598E-4	6.64248343584521E-4
23	23	0.009039205797004847	2.5225990250695075E-4	4.225149221063086E-4	5.275328874479841E-4	0.3542162202819962	4.177106445719948E-4	2.756229020082842E-4	0.0018341469541846647	5.518449523568238E-4	1.6675280523020106E-4	6.181652983495146E-4	3.577111104805104E-4	2.1038331937221427E-4	3.693841915955557E-4	0.037669085953752124	0.001163431462255386	2.278016646733859E-4	0.03568626524078498	3.503765005852308E-4	0.06230667484937511	0.42907190908715825	0.02734417675111581	0.036099343672485434	1.865622024441669E-4	6.349166461581559E-4
24	24	1.988782614130953E-4	2.415917594007075E-4	4.0464664574229496E-4	0.008963280320013	0.48302328359167507	4.000455424728914E-4	2.6396673100068053E-4	0.0017565803572318131	5.285072721877039E-4	1.5970078161533314E-4	5.92022911864114E-4	0.0680070389944542	2.0148614889080007E-4	3.5376282895344184E-4	0.01915993568558905	0.0011142296144377197	2.1816786740943444E-4	3.4485512799456235E-4	3.3555897860824925E-4	0.03429753698285038	0.37709410808232297	8.136128844906937E-4	7.404643551972488E-4	1.7867243378053452E-4	6.080658404040999E-4
25	25	1.9236995720030596E-4	2.3368565315103133E-4	3.9140455759015957E-4	0.033213755813194586	0.22177832047589355	3.8695402572850544E-4	2.553284023306632E-4	0.0016990961492653713	5.112118368715014E-4	1.5447456301110926E-4	5.726489230531916E-4	0.057600237683549445	1.9489250138841728E-4	3.4218591705946873E-4	0.2067020545093576	0.001077766376866486	2.1102830956903898E-4	3.3356972120157424E-4	3.245777889166365E-4	4.5008191464227307E-4	0.32384734615372357	7.869873492205941E-4	0.14797902920490685	1.728253666087848E-4	5.881668456993187E-4
26	26	2.005747339351665E-4	2.43652586856006E-4	4.0809836495369836E-4	0.06022097444286888	0.31653945334279376	4.0345801332596597E-4	2.6621842157109165E-4	0.010301770265394226	5.330155480475722E-4	1.6106306216745922E-4	5.970729892093091E-4	3.45505712757141E-4	2.032048672300619E-4	3.5678049872984394E-4	0.0022629620503101583	0.0011237342224865868	2.2002888424269308E-4	0.13683109146936293	3.3842136579274266E-4	4.692783716971199E-4	0.4144316221380071	0.009350759085938527	0.034867604332649384	1.8019654643219664E-4	0.009143458683240449
27	27	1.9556997740052053E-4	2.3757294834757277E-4	0.008715275009620818	0.03376625731121461	0.19219810234956977	3.9339089724891766E-4	0.19987620485049	0.03499679832507428	5.197157021755531E-4	1.570442039740178E-4	5.821747770278497E-4	3.368846270413412E-4	1.9813448340260412E-4	0.03361731627231941	0.010523855990431022	0.0010956947177949692	2.1453870621967037E-4	3.3911855981213503E-4	3.2997704925952215E-4	4.575689008617836E-4	0.3209170962392707	8.000786627056669E-4	0.15044061878758153	1.757002680346958E-4	0.00891531038312103
28	28	2.0584236727238189E-4	2.500515607648351E-4	4.1881612840234927E-4	5.229147420982367E-4	0.1322595261683436	4.1405390862875877E-4	0.026535906407052896	0.028080786777905733	5.470139735474516E-4	1.6529301246589285E-4	6.127537358367803E-4	3.5457962438604124E-4	2.0854157495941877E-4	3.6615051663940355E-4	0.34373744637033576	0.0011532465131744735	2.258074360226085E-4	3.569308953529843E-4	3.473092233683237E-4	4.816028870869045E-4	0.3640360891293506	0.035859031604566854	0.06204601801036103	1.8492899361841175E-4	6.293584384583154E-4
29	29	3.4461833770482617E-4	4.1863273510281206E-4	7.011759526793675E-4	8.754563580430639E-4	0.13348974209345205	6.93203112666368E-4	4.5740432061541395E-4	0.003043820870380545	9.158029455412663E-4	2.7673118972073685E-4	0.0010258635122820307	0.015249841928948375	3.491373124841817E-4	6.130039411520339E-4	0.018544327743311703	0.0019307487646999947	3.780435693324883E-4	0.24975313534632695	5.814601183067754E-4	8.06292643156958E-4	0.4042770596200092	0.13331572522764507	0.0012830844025115231	3.096054676143155E-4	0.030366082486312063
30	30	1.6649006503079562E-4	2.0224748269485643E-4	3.3874816626736667E-4	0.566872970345099	0.007845807816485207	3.348963728280362E-4	2.2097859211965166E-4	0.07935739196036526	0.01460368816726393	1.3369280949906254E-4	4.956093863433543E-4	2.867921968877772E-4	0.02141054917711711	2.9615100202227826E-4	0.27802279267410707	9.327724390231389E-4	1.8263827416099406E-4	2.8869395919929087E-4	2.809117284775105E-4	3.8953154810941477E-4	0.0041351664567150755	0.021922988391403223	6.198764901394028E-4	1.4957484497284023E-4	5.09039653668342E-4
31	31	2.0766027350961196E-4	2.5225990250695075E-4	4.225149221063086E-4	0.1330007157398765	9.54399342186721E-4	4.177106445719948E-4	0.08859107813696063	0.07248651114214655	5.518449523568238E-4	1.6675280523020106E-4	0.018281256345339985	0.09750471186892809	2.1038331937221427E-4	3.693841915955557E-4	0.38209936137006634	0.001163431462255386	2.278016646733859E-4	3.600831468040361E-4	3.503765005852308E-4	4.858561849084592E-4	0.09347317919433931	0.06267035884509675	7.731615785044992E-4	0.04434428981992035	6.349166461581559E-4
32	32	1.9236995720030596E-4	2.3368565315103133E-4	3.9140455759015957E-4	0.37682694786711507	8.841255840875193E-4	3.8695402572850544E-4	0.20478699033918812	0.0016990961492653713	5.112118368715014E-4	1.5447456301110926E-4	5.726489230531916E-4	3.3137234122936163E-4	1.9489250138841728E-4	3.4218591705946873E-4	0.17397698859946042	0.017440299331815082	2.1102830956903898E-4	3.3356972120157424E-4	3.245777889166365E-4	4.5008191464227307E-4	0.11931568421686613	7.869873492205941E-4	0.008897499087843787	1.728253666087848E-4	0.09058209809791659
33	33	1.9395676921435862E-4	0.07447437868821231	0.181867170850255	0.43767656179240355	8.914185165140758E-4	3.9014591341122025E-4	2.574345429268546E-4	0.02645936671158092	5.154286963867787E-4	1.557487853274158E-4	5.773725618383734E-4	3.341057493968334E-4	1.965001212431636E-4	3.450085237290965E-4	0.06817830930873296	0.001086656604114252	2.1276902969916147E-4	0.05807758324844488	3.2725515050907724E-4	4.5379452860682534E-4	0.12029988967147927	7.934790124658605E-4	0.025468395775384584	1.7425096014770896E-4	5.930184879755153E-4
34	34	1.7782187569449613E-4	2.1601304991164042E-4	3.618043773518389E-4	0.6432688053559749	8.172631111428275E-4	3.5769041935655065E-4	0.007798572853241317	0.08475869287458852	4.725511666827701E-4	1.4279234107808695E-4	0.03077955723497071	3.063121296498785E-4	1.8015365112128553E-4	0.015441415520390814	0.13056967004446648	9.962597147916551E-4	1.9506918012739263E-4	3.0834333157953064E-4	0.022987692815112	4.160442277092309E-4	0.03466683342067556	0.023415132403647638	6.620671338864614E-4	1.5975535528119444E-4	5.436864115671892E-4
35	35	0.0661839704759961	0.008484364981430565	0.10762840543012553	0.45417406521909903	0.017388921943209512	3.9014591341122025E-4	0.04974994482301316	0.0017131115715377666	5.154286963867787E-4	1.557487853274158E-4	0.050069882841924686	3.341057493968334E-4	1.965001212431636E-4	3.450085237290965E-4	0.08467581273542839	0.001086656604114252	2.1276902969916147E-4	0.11581884524187891	3.2725515050907724E-4	4.5379452860682534E-4	0.03781237253800208	7.934790124658605E-4	7.221406353414302E-4	1.7425096014770896E-4	5.930184879755153E-4
36	36	0.016691460195909797	2.3561326808284566E-4	0.05813589515003922	0.5861540926326625	8.914185165140758E-4	3.9014591341122025E-4	2.574345429268546E-4	0.08420062870501493	0.008764180409734498	1.557487853274158E-4	5.773725618383734E-4	3.341057493968334E-4	1.965001212431636E-4	3.450085237290965E-4	0.15891457815555787	0.001086656604114252	2.1276902969916147E-4	0.025082576395054013	3.2725515050907724E-4	4.5379452860682534E-4	0.0460611242513498	7.934790124658605E-4	0.008970892348689148	1.7425096014770896E-4	5.930184879755153E-4
37	37	1.9236995720030596E-4	2.3368565315103133E-4	0.07402280285485884	0.5895398762814469	8.841255840875193E-4	3.8695402572850544E-4	2.553284023306632E-4	0.12441809331137983	5.112118368715014E-4	1.5447456301110926E-4	5.726489230531916E-4	3.3137234122936163E-4	1.9489250138841728E-4	3.4218591705946873E-4	0.11670812325714033	0.009259032854340784	2.1102830956903898E-4	3.3356972120157424E-4	3.245777889166365E-4	4.5008191464227307E-4	0.05386555239707175	7.869873492205941E-4	7.162326103694893E-4	1.728253666087848E-4	0.02513196627812221
38	38	1.8481005563593384E-4	2.24502095798631E-4	0.008235775658509638	0.5820911933994364	8.493805413400959E-4	3.7174721076103624E-4	2.4529431168417864E-4	0.1431078744637388	4.91121843498647E-4	1.4840390360275167E-4	5.501445281246318E-4	3.183498177682735E-4	1.8723346695511154E-4	3.2873843343295643E-4	0.14356064952002448	0.0010354114902870982	2.0273515781677959E-4	3.2046084342336083E-4	3.118222829639252E-4	4.323942516614222E-4	0.11462672529161155	7.560597190484938E-4	6.880855539871427E-4	1.6603354329913726E-4	5.650526155896547E-4
39	39	1.7648718188669697E-4	2.1439170113779103E-4	3.5908874936624866E-4	0.6684637276479586	8.111289051598752E-4	3.5500566987924526E-4	2.3424754488067133E-4	0.1066398844077684	4.690042964589775E-4	1.4172057163074688E-4	5.253689095271526E-4	3.040130148694234E-4	1.7880145549482003E-4	3.139337818756068E-4	0.10707226885480231	9.887819977385708E-4	1.936050316597666E-4	3.0602897102221426E-4	2.977794459311823E-4	4.1292148675103684E-4	0.1094645399353671	7.220107623135844E-4	6.570977964498023E-4	1.585562649970334E-4	5.396056150731181E-4
40	40	1.7517237467937837E-4	2.1279451005098318E-4	3.5641358355144813E-4	0.6560338836739664	0.052954201703544174	3.523609224907586E-4	2.3250243026660535E-4	0.04624644147773947	0.030265004905847066	1.4066477127735324E-4	5.214549775273155E-4	3.0174815631824775E-4	1.7746940724151078E-4	3.1159501486364424E-4	0.0019763627670585857	0.01588116301285097	1.9216269863434136E-4	3.0374909385240016E-4	0.037544929316858267	4.098452738440535E-4	0.14589841123299085	0.008166505531390053	6.522025008852778E-4	1.573750408551155E-4	5.355856214156568E-4
41	41	1.7387701290122763E-4	2.1122094072862355E-4	3.53777982280464E-4	0.8138678911870708	7.991326599434648E-4	3.4975528977073707E-4	2.3078312514189167E-4	0.1272470770686139	4.620679260348919E-4	1.3962458575393093E-4	5.175989308866756E-4	0.02248386716073307	1.761570594049727E-4	3.0929083720289467E-4	0.0019617479923665503	9.741583402224995E-4	1.907416970897038E-4	3.015029350785382E-4	2.9337541689082505E-4	4.0681455679369077E-4	0.026502988786404683	7.113325358337946E-4	6.473796046220546E-4	1.5621128650668156E-4	5.316250817233749E-4
42	42	1.7917691072131094E-4	2.1765910863043525E-4	0.07656637973023618	0.5491082667817191	0.016063854472203907	3.6041608539224646E-4	2.3781756265288306E-4	0.19208711519912286	4.7615209249865487E-4	0.023004425946003774	5.333757227679696E-4	3.0864628377570117E-4	1.8152645470084802E-4	3.1871824687891977E-4	0.002021543498022048	0.03910476056384237	1.965556427501286E-4	3.1069296383339835E-4	3.023177129798945E-4	4.192145603752673E-4	0.09589245566513481	7.330144689031271E-4	6.671122058328419E-4	1.6097272013735633E-4	5.478294008838834E-4
43	43	1.7517237467937837E-4	2.1279451005098318E-4	3.5641358355144813E-4	0.63368426269986	8.050860972960535E-4	3.523609224907586E-4	2.3250243026660535E-4	0.1654444200063066	4.655102737052823E-4	1.4066477127735324E-4	5.214549775273155E-4	3.0174815631824775E-4	1.7746940724151078E-4	3.1159501486364424E-4	0.0019763627670585857	0.0531305313030282	1.9216269863434136E-4	3.0374909385240016E-4	2.955610266810352E-4	4.098452738440535E-4	0.1384485375749554	7.166318733546063E-4	6.522025008852778E-4	1.573750408551155E-4	5.355856214156568E-4
44	44	1.7782187569449613E-4	2.1601304991164042E-4	3.618043773518389E-4	0.6659564667520756	0.023504924507243643	3.5769041935655065E-4	2.3601905454104485E-4	0.10744635427068934	4.725511666827701E-4	1.4279234107808695E-4	0.06859232622847207	3.063121296498785E-4	1.8015365112128553E-4	3.163079229902705E-4	0.039819024460063204	9.962597147916551E-4	1.9506918012739263E-4	3.0834333157953064E-4	3.00031419011184E-4	4.160442277092309E-4	0.08760471001157748	7.274710075468215E-4	6.620671338864614E-4	1.5975535528119444E-4	5.436864115671892E-4
45	45	1.833688220206376E-4	2.2275132544116277E-4	0.08615613787409929	0.7881101683241971	8.427566821342451E-4	3.68848155432592E-4	2.4338139408657441E-4	0.07960418273399796	4.872918500081906E-4	1.472465818662396E-4	5.45854248656471E-4	3.158671798121716E-4	1.8577333446634833E-4	3.26174780285009E-4	0.002068838269414883	0.03222117230566797	2.011541360296127E-4	3.17961742720541E-4	3.0939054971943473E-4	4.2902224287969795E-4	0.004554389487966395	7.501636184358156E-4	6.827195471040562E-4	1.6473873754278351E-4	5.606460760147565E-4
46	46	1.8627412420828157E-4	0.008148298524362062	3.790017019150271E-4	0.6896887632101922	0.01670014518708394	3.7469219882600024E-4	2.472375376167542E-4	0.19969570304214534	4.95012519543225E-4	1.4957956198633296E-4	5.545027829344406E-4	3.2087179072912435E-4	1.8871673383535477E-4	3.313427051932558E-4	0.002101617017098261	0.0010436140386666265	2.0434122936980277E-4	3.229995399672786E-4	3.1429254467708943E-4	4.3581968667112957E-4	0.07592471066867247	7.620492376905829E-4	6.93536580075591E-4	1.6734886400429774E-4	5.695289725354986E-4
47	47	1.688816402637449E-4	2.0515270151647133E-4	3.436141726834382E-4	0.7042979659351787	7.761741023021046E-4	3.397070494934092E-4	2.2415287719082156E-4	0.252873403040135	4.48793017317175E-4	1.3561326290246665E-4	5.027286527895335E-4	2.909118728273178E-4	1.7109618252557235E-4	3.004051141311214E-4	0.0019053882580969531	9.461714094826242E-4	1.8526181312706531E-4	2.928409533313154E-4	2.8494693341509956E-4	3.95127041166244E-4	0.025741575286218066	0.007873232590974614	6.287808128149372E-4	1.5172343861200485E-4	5.163518415041572E-4
48	48	1.6767732534457217E-4	2.0368973337642348E-4	0.17861911595384103	0.4710797552407744	7.706391131237776E-4	3.3728455840903703E-4	2.2255441655439704E-4	0.008612118039622581	0.08601900964582622	1.3464618871076602E-4	4.991436354015894E-4	2.8883734590974834E-4	1.6987607544402547E-4	2.9826288978880154E-4	0.17303863475845283	9.394241494325971E-4	0.014446176860012849	2.9075266991287574E-4	2.829149431848507E-4	3.923093435769623E-4	0.03982024524390035	6.859695542787911E-4	0.014886533073340839	1.5064148085494334E-4	0.007643787760924742
49	49	1.6767732534457217E-4	2.0368973337642348E-4	0.028865636160946027	0.36411298396013514	7.706391131237776E-4	3.3728455840903703E-4	2.2255441655439704E-4	0.15836559783251758	4.45592621314794E-4	1.3464618871076602E-4	4.991436354015894E-4	2.8883734590974834E-4	1.6987607544402547E-4	2.9826288978880154E-4	0.06607186347781353	9.394241494325971E-4	1.8394068926094536E-4	2.9075266991287574E-4	2.829149431848507E-4	3.923093435769623E-4	0.004164654817020596	0.05773491423728641	0.3143934926591308	1.5064148085494334E-4	5.126696755487898E-4
50	50	1.5862777801159997E-4	1.926965959343603E-4	0.007069002757539289	0.4456555749951993	7.29047710609919E-4	3.190813065994625E-4	2.1054315192674226E-4	0.20378861697849254	4.2154398200399345E-4	1.27379332232477E-4	4.7220484719491843E-4	2.7324879076092936E-4	1.6070786154085667E-4	2.8216563791967636E-4	0.0017897002016281245	8.887234164112577E-4	1.7401340797526296E-4	2.7506074470380165E-4	2.6764602018470625E-4	3.7113640342795076E-4	0.010686139898454723	6.489477689081867E-4	0.3244106781672918	1.4251135826082149E-4	4.8500088678725406E-4
51	51	2.005747339351665E-4	2.43652586856006E-4	4.0809836495369836E-4	0.5976239471513232	9.218344505269027E-4	4.0345801332596597E-4	0.017326630253585513	0.30032877140963943	5.330155480475722E-4	1.6106306216745922E-4	5.970729892093091E-4	3.45505712757141E-4	2.032048672300619E-4	3.5678049872984394E-4	0.0022629620503101583	0.0011237342224865868	2.2002888424269308E-4	3.47796813247547E-4	3.3842136579274266E-4	4.692783716971199E-4	0.004981738169660968	8.205531699313159E-4	0.06898842799667824	1.8019654643219664E-4	6.132527672332369E-4
52	52	1.9080889875333154E-4	2.3178932293347918E-4	3.8822835793974226E-4	0.5604112034565836	0.017106704034776325	3.8381394159455064E-4	2.532564438761747E-4	0.3262803686063006	5.070634159446795E-4	1.5322102100828974E-4	0.016797754968382133	3.2868329560135256E-4	1.9331097280686453E-4	0.008454285630910606	0.0021527801047954266	0.0010690204358112484	2.0931584089670642E-4	3.308628441064444E-4	3.21943880241588E-4	4.4642955548542635E-4	0.06154331660152143	7.806010440664916E-4	7.104204711836828E-4	1.7142291010090516E-4	5.833939443790092E-4
53	53	1.8627412420828157E-4	2.2628060542438682E-4	3.790017019150271E-4	0.4916383152367504	0.01670014518708394	3.7469219882600024E-4	0.03193530921336746	0.3898241330966496	4.95012519543225E-4	1.4957956198633296E-4	5.545027829344406E-4	3.2087179072912435E-4	1.8871673383535477E-4	3.313427051932558E-4	0.002101617017098261	0.008965631957604303	2.0434122936980277E-4	3.229995399672786E-4	3.1429254467708943E-4	4.3581968667112957E-4	0.044236638992921753	7.620492376905829E-4	6.93536580075591E-4	1.6734886400429774E-4	0.008491546891473174
54	54	1.8194989326392473E-4	2.2102765040316315E-4	3.70203427359446E-4	0.6040350719488171	8.36235335277048E-4	3.6599396654248234E-4	2.414980812359338E-4	0.2647029204749904	4.835211303663825E-4	1.4610717110362823E-4	5.41630366527232E-4	3.1342296372462516E-4	1.8433579931942422E-4	3.2365080281511607E-4	0.002052829364078018	0.0010193872270300225	1.9959758249450834E-4	3.1550131866748177E-4	0.008045109948108545	0.023640042912805064	0.08963839557855344	7.443587672146054E-4	6.774365857615501E-4	1.6346397049422974E-4	5.563077330465826E-4
55	55	1.805527555491847E-4	2.1933044651455905E-4	3.6736074819535523E-4	0.4304655834604846	8.29814139285363E-4	3.6318361054363556E-4	2.3964369115479943E-4	0.400886855444278	4.798083191358274E-4	1.4498525871620653E-4	5.374713522021948E-4	3.110162844162175E-4	1.8292034096005963E-4	3.2116558705099917E-4	0.0020370663137402037	0.0010115596635439476	1.9806493355874059E-4	3.130786803056051E-4	3.0463911845621147E-4	0.031137213121252456	0.0659140050337883	0.016096032833444504	0.023708319412048047	1.622087805401067E-4	0.02358812067083485
56	56	2.1139414758521047E-4	2.567957084864229E-4	0.009420454796373956	0.22529558744841544	9.715600966311397E-4	4.252213683156805E-4	2.8057879073488905E-4	0.145712610434915	5.617675029079271E-4	1.6975113498273101E-4	6.292803341863284E-4	3.641430014695922E-4	2.141661556791592E-4	0.04532773980418739	0.03834640194258856	0.010174693523837387	0.036193268760051314	3.665576886323232E-4	3.56676510260281E-4	4.945922121833868E-4	0.16707663316573212	8.648154954653556E-4	0.3154490603749277	1.8991671873859237E-4	6.463328827121647E-4
57	57	2.0230039798688483E-4	2.4574887536650954E-4	0.017618802207794007	0.5855584696412104	9.297655420542335E-4	4.0692920322269225E-4	2.6850885741511437E-4	0.07061557709090782	5.37601398679038E-4	1.6244878374359703E-4	6.022099642086805E-4	3.484783044513722E-4	2.0495315988703464E-4	3.598500941316817E-4	0.15714716622546016	0.06996217329508271	2.2192192395127392E-4	0.008954385481261222	3.4133300662518535E-4	4.7331585338984596E-4	0.08245696631560728	8.276128782011107E-4	7.532056680662539E-4	1.8174688478399698E-4	6.185289465119952E-4
58	58	0.04454257774627906	2.1122094072862355E-4	3.53777982280464E-4	0.48849741914230005	0.02298348302663238	3.4975528977073707E-4	2.3078312514189167E-4	0.11985229361305094	4.620679260348919E-4	1.3962458575393093E-4	5.175989308866756E-4	2.99516794044159E-4	0.014965723970530916	3.0929083720289467E-4	0.2016209012925668	9.741583402224995E-4	1.907416970897038E-4	3.015029350785382E-4	0.0076881588724537955	4.0681455679369077E-4	0.033897772241967654	7.113325358337946E-4	0.022831729971310968	0.007550994742069652	0.03011075890397526
59	59	2.6650057180878096E-4	3.2373745409430935E-4	5.422340365638682E-4	0.2613579445607161	0.03522668848834184	5.360684725472945E-4	3.5372033248046067E-4	0.03635571156859898	7.082095812903558E-4	2.1400201970989837E-4	0.06879704411360019	4.5906813987220093E-4	2.6999518956681573E-4	4.7404877501898966E-4	0.24101979133388415	0.03549494961784538	2.923490028613464E-4	4.62112289944273E-4	4.496552767470068E-4	6.235229729144315E-4	0.006619159077361265	0.29577305344445315	0.012326189749626378	2.3942438671099362E-4	8.148195434416106E-4
60	60	1.988782614130953E-4	2.415917594007075E-4	4.0464664574229496E-4	5.052233714265476E-4	9.140375222471773E-4	4.000455424728914E-4	2.6396673100068053E-4	0.010214637305818267	5.285072721877039E-4	1.5970078161533314E-4	0.1866692757807661	0.38941320304073945	2.0148614889080007E-4	3.5376282895344184E-4	0.16294690381155877	0.0011142296144377197	2.1816786740943444E-4	3.4485512799456235E-4	0.03416778677295407	4.6530918850456576E-4	0.2079329691105939	8.136128844906937E-4	7.404643551972488E-4	1.7867243378053452E-4	6.080658404040999E-4
61	61	0.04076519145031154	2.3178932293347918E-4	3.8822835793974226E-4	4.847242450802988E-4	8.76951014153042E-4	3.8381394159455064E-4	2.532564438761747E-4	0.0016853081938349368	5.070634159446795E-4	1.5322102100828974E-4	0.1060613965818102	0.35738324974931357	1.9331097280686453E-4	3.394091205989634E-4	0.19690981635227484	0.0010690204358112484	2.0931584089670642E-4	3.308628441064444E-4	3.21943880241588E-4	4.4642955548542635E-4	0.26441522935931244	7.806010440664916E-4	7.104204711836828E-4	1.7142291010090516E-4	0.02492802347531393
62	62	2.1927974796902606E-4	0.009592082928279646	4.4615642687350883E-4	0.03785988264393344	0.0010078020397426737	4.4108332960221574E-4	2.910451742425862E-4	0.0019367752678663107	5.827230217202927E-4	1.7608333306136224E-4	0.09390983439888793	0.39205746309624356	0.05617640323546503	3.9005280628731675E-4	0.09573107940964103	0.0012285303949134397	2.405481355305665E-4	0.009705939341136451	3.6998155421885486E-4	5.130419024079159E-4	0.28521756090356465	8.970755626473119E-4	8.164232532707008E-4	0.009522709162809548	6.704429296846489E-4
63	63	1.988782614130953E-4	2.415917594007075E-4	4.0464664574229496E-4	5.052233714265476E-4	0.03474626531659299	4.000455424728914E-4	2.6396673100068053E-4	0.0017565803572318131	0.03436073506653351	1.5970078161533314E-4	5.92022911864114E-4	0.3048326335548749	2.0148614889080007E-4	3.5376282895344184E-4	0.13757273296579942	0.0011142296144377197	2.1816786740943444E-4	3.4485512799456235E-4	0.1525805840531644	4.6530918850456576E-4	0.3009715955450449	8.136128844906937E-4	7.404643551972488E-4	0.025552843279539897	6.080658404040999E-4
64	64	1.9556997740052053E-4	2.3757294834757277E-4	3.979154624579107E-4	4.968191225629787E-4	8.988327648229219E-4	3.9339089724891766E-4	2.5957571858023677E-4	0.018362079230748465	5.197157021755531E-4	1.570442039740178E-4	0.008899534324190756	0.10846255874015913	1.9813448340260412E-4	3.478780836677873E-4	0.6675952602163007	0.0010956947177949692	0.008531898253382578	3.3911855981213503E-4	3.2997704925952215E-4	4.575689008617836E-4	0.17952198393750132	8.000786627056669E-4	7.281469386491815E-4	1.757002680346958E-4	5.979508359581226E-4
65	65	2.213439368948688E-4	2.6888243474753866E-4	4.503563184005456E-4	5.622943867684434E-4	0.0010172889797320994	4.452354655508002E-4	2.9378492668737826E-4	0.0019550070931798843	0.02882869505198447	1.7774089272885182E-4	0.01007239449546592	0.16982420171228793	2.2424641641773132E-4	3.9372456663312803E-4	0.6896824614609647	0.010653590683522094	2.4281253432750625E-4	3.838106344370637E-4	3.7346437392317395E-4	5.178714200594652E-4	0.0713920581018512	0.010319015702676272	8.241086499104302E-4	1.988556196467594E-4	6.767541412018205E-4
66	66	1.9395676921435862E-4	2.3561326808284566E-4	0.0498871434366915	4.927209849745134E-4	8.914185165140758E-4	3.9014591341122025E-4	2.574345429268546E-4	0.04295687013827636	0.1489929595366457	1.557487853274158E-4	5.773725618383734E-4	0.27254291228987154	1.965001212431636E-4	3.450085237290965E-4	0.20015833672229646	0.001086656604114252	0.00846152074304688	0.016833824681706293	3.2725515050907724E-4	4.5379452860682534E-4	0.11205113795813154	0.14102225813937705	7.221406353414302E-4	1.7425096014770896E-4	5.930184879755153E-4
67	67	1.9395676921435862E-4	2.3561326808284566E-4	0.01689213658330063	4.927209849745134E-4	8.914185165140758E-4	3.9014591341122025E-4	2.574345429268546E-4	0.0017131115715377666	5.154286963867787E-4	1.557487853274158E-4	0.11605989654870642	0.5200054636903031	1.965001212431636E-4	3.450085237290965E-4	0.002188295601951211	0.001086656604114252	0.033207775883090034	3.3632125501085666E-4	3.2725515050907724E-4	4.5379452860682534E-4	0.08730488281808839	0.2070122718461588	0.008970892348689148	1.7425096014770896E-4	5.930184879755153E-4
68	68	0.11761686539598992	2.3956550075242684E-4	4.012528264851027E-4	0.10114640470333838	9.063713814859998E-4	3.96690313212785E-4	2.617528108203098E-4	0.0017418477101039888	5.240746192130909E-4	1.5836135227929965E-4	5.870575457103981E-4	0.39453426669346375	1.99796260739352E-4	3.5079577828339714E-4	0.010612120814805693	0.03465335733895097	2.1633806771257432E-4	0.017116199237275243	3.3274460578319997E-4	4.614065853293969E-4	0.3152215476408499	8.067890170390831E-4	7.342539931088076E-4	1.7717388695486785E-4	6.029659203120438E-4
69	69	2.0951057569652956E-4	2.5450759794427104E-4	4.262796300649661E-4	5.322333303339498E-4	0.036603850003811514	0.09843403607366553	2.780787673008188E-4	0.019670963006457657	0.027287472074691274	1.682386121925896E-4	6.236732974678908E-4	0.4013215491990774	2.1225788454227012E-4	3.7267549217014735E-4	0.0736456731628795	0.0011737979119501574	2.2983143142272578E-4	3.632915728681231E-4	3.5349843813409654E-4	0.009400421962909192	0.3259722011389682	8.571097847124238E-4	7.800506311642575E-4	1.8822451582430714E-4	6.405739037502896E-4
70	70	2.0766027350961196E-4	2.5225990250695075E-4	0.062243333586572955	5.275328874479841E-4	0.027449035912672427	4.177106445719948E-4	2.756229020082842E-4	0.09898114771263225	5.518449523568238E-4	1.6675280523020106E-4	6.181652983495146E-4	0.35361953205028995	2.1038331937221427E-4	3.693841915955557E-4	0.011174449383266418	0.001163431462255386	2.278016646733859E-4	3.600831468040361E-4	3.503765005852308E-4	4.858561849084592E-4	0.4025772725166725	8.495401806301029E-4	0.009604707101999736	1.865622024441669E-4	0.02712955321664386
71	71	0.018696339173152086	2.639137332545149E-4	4.4203414550096404E-4	5.519037007361688E-4	9.984904097281593E-4	4.3700792132870734E-4	2.883560499173876E-4	0.04811659402447426	5.773389274585023E-4	1.7445640358063945E-4	0.019125808591591468	0.34223731773696897	2.20102547722455E-4	0.009625991631607418	0.16876290988951953	0.0012171793358285224	2.383255807525331E-4	3.767181649190887E-4	0.028085191298515496	5.083016298258273E-4	0.2825822810608543	0.07480512887379107	8.08879875732346E-4	1.951809496551598E-4	6.64248343584521E-4
72	72	1.575648061930162E-4	1.914053274466918E-4	0.06062999002253314	4.002721164062053E-4	0.007425206950357544	3.1694312852621656E-4	2.0913229287103786E-4	0.22922719884681939	4.1871919697087604E-4	1.265257576433956E-4	4.6904058144361883E-4	0.3420246934087712	1.5963095098972795E-4	2.8027483338946725E-4	0.015179796582693326	8.827680411421696E-4	1.7284733636377067E-4	2.7321755038005953E-4	2.658525122608189E-4	3.6864940182810733E-4	0.07092393318705432	0.0877581792137863	0.034091869034916254	1.4155638329011822E-4	0.14790473253592318
73	73	1.9236995720030596E-4	2.3368565315103133E-4	0.08220406933233314	4.886899032973933E-4	8.841255840875193E-4	3.8695402572850544E-4	2.553284023306632E-4	0.3780373541130831	5.112118368715014E-4	1.5447456301110926E-4	5.726489230531916E-4	0.33576329791767556	1.9489250138841728E-4	3.4218591705946873E-4	0.002170392572500163	0.041984098764237976	2.1102830956903898E-4	3.3356972120157424E-4	3.245777889166365E-4	4.5008191464227307E-4	0.05386555239707175	7.869873492205941E-4	7.162326103694893E-4	1.728253666087848E-4	0.0987633645753909
74	74	2.1139414758521047E-4	2.567957084864229E-4	4.301120300535504E-4	5.370182904053122E-4	9.715600966311397E-4	4.252213683156805E-4	2.8057879073488905E-4	0.3794615223592455	5.617675029079271E-4	1.6975113498273101E-4	6.292803341863284E-4	0.297045454290043	2.141661556791592E-4	3.760259725853642E-4	0.14623051513843344	0.01916503629015779	2.3189769476969014E-4	3.665576886323232E-4	3.56676510260281E-4	4.945922121833868E-4	0.12212491933413012	8.648154954653556E-4	0.027758091852674725	1.8991671873859237E-4	6.463328827121647E-4
